100 6543 54 96
0 89 7
0 22 21
0 5 9
0 46 13
0 14 16
0 1 23
0 95 16
0 41 23
0 86 13
0 33 18
0 11 25
0 63 10
0 96 23
0 87 6
0 53 14
0 19 21
0 54 25
0 29 10
0 18 19
0 15 15
0 79 6
0 64 5
0 58 19
0 56 16
0 4 18
0 50 11
0 68 14
0 51 24
0 27 8
0 83 21
0 74 23
0 35 22
0 84 13
0 49 7
0 52 13
0 34 18
0 82 12
0 21 16
0 77 23
0 39 17
0 78 16
0 98 15
0 3 23
0 66 22
0 8 15
0 36 13
0 10 23
0 72 8
0 44 6
0 47 25
0 62 15
0 85 22
0 25 7
0 43 10
0 70 12
0 93 23
0 48 23
0 6 9
0 88 9
0 90 8
0 23 24
0 75 13
0 99 16
0 91 22
0 71 8
0 69 22
0 13 15
0 28 11
0 38 22
1 27 7
1 42 9
1 70 25
1 43 13
1 21 7
1 75 20
1 60 14
1 7 6
1 53 17
1 34 13
1 6 20
1 64 21
1 50 16
1 4 18
1 20 12
1 14 19
1 17 12
1 49 5
1 54 7
1 79 18
1 71 11
1 2 13
1 25 10
1 58 16
1 82 17
1 97 16
1 8 14
1 39 20
1 40 12
1 92 24
1 26 22
1 13 17
1 5 12
1 28 13
1 32 7
1 93 10
1 11 11
1 29 8
1 85 16
1 77 5
1 10 6
1 62 23
1 0 7
1 16 13
1 22 22
1 86 19
1 44 19
1 41 21
1 38 15
1 96 6
1 68 12
1 51 25
1 84 6
1 30 14
1 36 25
1 91 25
1 35 18
1 73 8
1 61 13
1 74 18
1 89 15
1 31 6
1 94 14
1 99 23
1 46 16
1 9 25
1 67 25
1 59 9
1 24 20
1 87 5
2 99 15
2 77 24
2 41 24
2 26 8
2 13 9
2 29 23
2 86 6
2 64 18
2 52 5
2 92 18
2 32 21
2 79 22
2 73 19
2 10 16
2 9 22
2 78 8
2 56 10
2 96 21
2 33 10
2 67 22
2 37 12
2 72 11
2 23 16
2 36 22
2 74 23
2 65 18
2 81 5
2 46 24
2 21 10
2 3 12
2 87 20
2 58 22
2 25 16
2 0 18
2 44 19
2 61 12
2 28 17
2 75 14
2 66 22
2 60 24
2 48 21
2 69 15
2 6 10
2 15 13
2 19 24
2 24 19
2 43 10
2 62 24
2 7 19
2 50 6
2 34 20
2 55 12
2 31 15
2 1 8
2 51 9
2 63 5
2 8 14
2 88 8
2 5 21
2 38 10
2 71 22
2 59 12
2 35 15
2 17 9
2 89 8
3 0 15
3 75 23
3 74 5
3 50 15
3 52 20
3 67 10
3 25 6
3 27 20
3 58 13
3 54 22
3 77 23
3 4 14
3 8 22
3 68 13
3 85 18
3 57 17
3 7 15
3 51 15
3 40 7
3 12 20
3 36 10
3 79 10
3 60 9
3 89 25
3 76 12
3 84 21
3 15 24
3 30 21
3 62 16
3 69 11
3 46 19
3 96 24
3 64 10
3 35 12
3 91 14
3 93 7
3 56 17
3 21 11
3 86 12
3 61 12
3 99 25
3 6 12
3 38 7
3 70 13
3 2 18
3 34 21
3 42 22
3 83 25
3 10 12
3 24 17
3 18 12
3 37 17
3 81 21
3 11 20
3 73 13
3 78 6
3 66 5
3 44 14
3 65 18
3 87 8
3 1 19
3 94 19
3 82 16
3 63 9
3 45 7
3 53 21
3 49 22
4 85 16
4 54 25
4 0 25
4 65 15
4 1 24
4 15 7
4 97 7
4 93 24
4 36 13
4 2 18
4 6 5
4 56 25
4 79 25
4 29 13
4 5 15
4 33 17
4 3 10
4 40 17
4 78 12
4 67 9
4 62 23
4 37 23
4 90 9
4 24 6
4 32 16
4 84 17
4 45 5
4 73 9
4 70 7
4 98 12
4 72 18
4 27 19
4 44 16
4 80 9
4 75 15
4 49 9
4 14 16
4 89 8
4 60 5
4 63 14
4 87 25
4 53 16
4 30 6
4 68 23
4 28 14
4 76 17
4 22 5
4 31 17
4 41 18
4 17 14
4 10 7
4 81 22
4 46 10
4 26 16
4 23 5
4 96 24
4 25 14
4 86 20
4 69 24
4 16 10
4 52 5
4 55 11
4 82 19
4 43 9
4 9 25
4 74 19
4 92 5
5 83 7
5 32 10
5 79 13
5 93 23
5 33 8
5 45 10
5 43 6
5 26 13
5 51 13
5 3 9
5 86 14
5 42 10
5 53 22
5 56 20
5 12 8
5 1 17
5 13 13
5 25 18
5 52 8
5 57 8
5 15 13
5 8 11
5 70 23
5 59 14
5 17 19
5 81 15
5 60 21
5 47 18
5 27 11
5 99 11
5 36 20
5 34 19
5 18 19
5 87 20
5 2 16
5 85 25
5 38 8
5 96 8
5 88 6
5 10 5
5 41 24
5 91 15
5 76 20
5 58 13
5 44 16
5 84 23
5 49 15
5 28 22
5 7 16
5 65 12
5 30 25
5 97 10
5 71 13
5 75 17
5 94 21
5 37 18
5 77 21
5 69 12
5 80 12
5 0 13
5 23 16
5 48 16
5 61 24
5 67 22
6 91 20
6 36 23
6 70 19
6 30 20
6 64 21
6 86 9
6 21 16
6 4 6
6 89 20
6 19 19
6 58 22
6 24 14
6 33 18
6 2 13
6 22 13
6 37 6
6 27 5
6 75 10
6 74 9
6 5 18
6 80 21
6 94 24
6 0 9
6 26 17
6 38 23
6 1 8
6 11 12
6 99 14
6 12 24
6 18 14
6 96 14
6 85 21
6 72 25
6 16 6
6 65 9
6 31 21
6 45 11
6 3 6
6 66 25
6 49 19
6 41 23
6 97 9
6 9 8
6 50 7
6 76 22
6 81 21
6 39 20
6 61 5
6 10 7
6 87 25
6 14 25
6 47 13
6 98 17
6 44 21
6 68 18
6 13 22
6 28 10
6 25 12
6 92 9
6 17 13
6 34 15
7 96 23
7 16 7
7 27 19
7 43 11
7 61 5
7 75 11
7 21 11
7 85 7
7 68 18
7 10 17
7 5 14
7 81 7
7 64 9
7 36 15
7 98 18
7 80 16
7 82 5
7 3 7
7 22 12
7 34 10
7 12 19
7 90 23
7 44 12
7 93 24
7 99 15
7 13 23
7 87 25
7 65 23
7 18 25
7 62 17
7 77 7
7 47 6
7 72 20
7 73 20
7 30 20
7 92 17
7 26 10
7 66 17
7 17 23
7 74 23
7 6 14
7 56 25
7 79 8
7 38 21
7 20 22
7 91 9
7 0 23
7 32 16
7 95 23
7 54 14
7 57 14
7 69 18
7 88 21
7 1 17
7 25 21
7 89 19
7 71 16
7 63 13
7 70 14
7 55 8
7 59 16
7 42 17
7 29 21
7 19 15
7 24 13
7 83 6
7 50 13
7 52 19
7 31 23
8 90 6
8 39 12
8 28 6
8 7 11
8 58 19
8 80 16
8 49 9
8 99 7
8 64 25
8 14 12
8 2 17
8 76 14
8 22 21
8 47 12
8 68 9
8 40 9
8 85 13
8 46 12
8 94 19
8 15 16
8 5 18
8 60 6
8 1 5
8 65 10
8 11 7
8 17 8
8 98 18
8 89 5
8 88 21
8 70 20
8 21 20
8 96 10
8 91 13
8 27 14
8 34 5
8 93 8
8 32 22
8 59 16
8 92 10
8 38 19
8 18 12
8 84 10
8 52 18
8 66 23
8 51 16
8 12 7
8 86 25
8 33 10
8 63 11
8 25 23
8 29 5
8 36 18
8 37 23
8 97 17
8 82 13
8 10 23
8 50 7
8 56 16
8 72 12
8 79 19
9 94 20
9 38 10
9 92 15
9 93 16
9 21 10
9 87 12
9 68 14
9 61 23
9 60 21
9 7 21
9 49 6
9 16 21
9 27 24
9 79 22
9 75 21
9 52 7
9 90 11
9 85 11
9 96 13
9 11 10
9 20 7
9 32 24
9 55 18
9 40 18
9 46 12
9 89 24
9 45 20
9 6 10
9 1 12
9 31 20
9 23 22
9 0 6
9 80 12
9 19 5
9 12 8
9 59 14
9 71 8
9 72 18
9 66 12
9 91 12
9 37 20
9 43 11
9 97 23
9 54 14
9 86 19
9 62 11
9 22 7
9 34 11
9 88 22
9 56 5
9 98 15
9 24 18
9 5 5
9 39 12
9 10 22
9 73 17
9 50 18
9 57 22
9 70 18
9 99 5
10 36 19
10 19 25
10 34 20
10 17 10
10 20 17
10 3 11
10 65 8
10 2 10
10 57 15
10 84 14
10 86 19
10 47 12
10 31 15
10 30 24
10 6 19
10 29 20
10 93 18
10 48 16
10 74 9
10 63 10
10 89 6
10 77 13
10 66 13
10 80 13
10 0 20
10 13 9
10 76 18
10 38 23
10 73 19
10 78 10
10 91 18
10 4 25
10 62 15
10 27 13
10 50 15
10 40 18
10 92 5
10 26 5
10 52 17
10 56 15
10 58 23
10 8 8
10 68 20
10 46 25
10 70 13
10 12 18
10 67 5
10 96 8
10 23 25
10 87 23
10 1 24
10 39 15
10 45 11
10 11 9
10 81 25
10 37 19
10 9 22
10 72 5
10 41 12
10 22 17
10 53 22
10 44 7
10 90 22
10 99 19
10 59 18
10 64 23
10 49 23
10 61 7
10 42 12
10 94 23
11 30 12
11 31 16
11 33 19
11 32 22
11 1 8
11 39 24
11 46 12
11 4 9
11 27 16
11 41 11
11 91 11
11 90 15
11 60 9
11 51 13
11 95 14
11 24 5
11 70 25
11 87 11
11 36 24
11 59 15
11 6 20
11 12 24
11 79 8
11 92 15
11 98 23
11 69 9
11 97 8
11 78 10
11 82 10
11 16 23
11 56 19
11 21 7
11 63 23
11 73 9
11 81 14
11 83 25
11 13 24
11 0 13
11 44 21
11 17 25
11 77 6
11 96 10
11 57 19
11 71 10
11 18 11
11 94 22
11 85 20
11 55 9
11 93 22
11 7 6
11 50 9
11 3 25
11 66 17
11 84 11
11 45 13
11 40 15
11 49 18
11 43 19
11 38 17
11 72 13
11 99 22
11 19 9
11 20 16
11 68 12
11 80 10
12 4 9
12 99 23
12 68 10
12 93 5
12 3 7
12 60 18
12 70 19
12 46 16
12 84 17
12 5 13
12 83 22
12 35 8
12 25 10
12 58 24
12 54 17
12 22 13
12 62 10
12 7 12
12 8 13
12 61 6
12 71 21
12 36 13
12 13 9
12 57 7
12 77 25
12 78 7
12 79 10
12 91 5
12 41 24
12 56 15
12 16 8
12 43 6
12 82 24
12 9 13
12 95 8
12 23 10
12 37 7
12 1 5
12 50 17
12 17 24
12 98 22
12 42 19
12 75 18
12 20 25
12 14 15
12 85 13
12 94 24
12 90 5
12 45 15
12 30 21
12 69 24
12 67 7
12 44 18
12 47 8
12 31 17
12 53 12
12 80 14
12 65 14
12 27 14
12 59 13
12 39 17
12 52 21
12 10 15
12 55 6
12 63 25
12 88 23
13 58 19
13 70 18
13 20 25
13 99 16
13 3 7
13 54 20
13 34 10
13 80 7
13 86 24
13 25 19
13 27 8
13 0 11
13 14 5
13 11 8
13 5 17
13 91 17
13 87 17
13 23 7
13 33 23
13 43 13
13 55 8
13 6 23
13 47 5
13 65 12
13 94 7
13 49 7
13 84 22
13 53 10
13 37 5
13 36 6
13 74 7
13 60 19
13 71 14
13 90 8
13 32 22
13 68 17
13 28 23
13 95 19
13 30 18
13 2 5
13 92 5
13 22 8
13 1 10
13 88 6
13 69 15
13 39 18
13 48 21
13 77 8
13 50 21
13 72 16
13 7 25
13 21 13
13 41 12
13 82 15
13 66 7
13 51 18
13 4 7
13 15 15
13 75 24
13 67 20
13 76 9
13 29 24
13 81 15
13 35 13
13 31 15
13 61 6
13 96 13
13 62 5
13 9 11
13 83 18
13 85 21
14 57 13
14 78 11
14 38 8
14 22 24
14 87 5
14 46 8
14 70 17
14 1 15
14 8 16
14 32 7
14 45 14
14 95 12
14 2 9
14 80 23
14 99 23
14 29 6
14 88 17
14 36 8
14 16 6
14 60 16
14 73 11
14 25 16
14 54 20
14 47 23
14 15 6
14 89 12
14 59 7
14 86 14
14 3 19
14 72 14
14 68 22
14 82 19
14 58 24
14 65 15
14 40 5
14 71 5
14 9 16
14 5 21
14 31 16
14 48 5
14 4 22
14 85 17
14 81 20
14 17 22
14 11 25
14 43 10
14 44 21
14 6 20
14 56 6
14 26 20
14 69 20
14 21 23
14 19 9
14 97 24
14 37 18
14 7 25
14 61 17
14 62 9
14 91 10
14 27 19
14 53 24
15 29 23
15 6 10
15 99 13
15 37 14
15 52 23
15 11 12
15 74 6
15 4 5
15 91 21
15 57 17
15 40 5
15 72 11
15 61 7
15 44 17
15 81 6
15 78 19
15 36 13
15 14 19
15 88 15
15 3 22
15 45 10
15 84 8
15 42 21
15 56 16
15 54 8
15 22 19
15 86 24
15 39 13
15 0 5
15 68 7
15 9 15
15 80 13
15 95 6
15 66 21
15 49 15
15 13 13
15 77 10
15 93 20
15 27 24
15 90 24
15 58 7
15 85 25
15 73 21
15 18 15
15 60 17
15 28 11
15 41 18
15 1 12
15 17 6
15 89 14
15 63 5
15 25 9
15 98 21
15 53 11
15 35 19
15 10 5
15 69 6
15 30 5
15 31 13
15 70 6
15 46 22
15 12 19
15 19 15
15 23 21
16 75 17
16 78 13
16 88 21
16 50 8
16 71 20
16 15 23
16 62 8
16 6 12
16 76 10
16 18 20
16 80 12
16 83 9
16 74 14
16 54 7
16 77 21
16 81 6
16 46 12
16 53 9
16 90 17
16 29 19
16 40 19
16 12 14
16 14 15
16 72 11
16 91 20
16 60 14
16 94 20
16 65 14
16 22 25
16 95 19
16 19 20
16 56 5
16 87 20
16 59 11
16 26 25
16 49 20
16 31 25
16 86 24
16 68 10
16 85 13
16 42 24
16 43 10
16 79 8
16 24 19
16 58 10
16 55 7
16 63 20
16 1 5
16 39 5
16 38 22
16 9 13
16 41 6
16 3 17
16 10 23
16 20 17
16 4 13
16 51 8
16 35 15
16 11 21
16 0 20
16 67 21
16 89 13
17 16 12
17 6 11
17 88 15
17 22 23
17 90 20
17 74 11
17 50 14
17 80 11
17 31 20
17 76 9
17 99 22
17 62 17
17 24 7
17 13 8
17 63 14
17 75 24
17 52 5
17 98 23
17 10 23
17 92 13
17 30 11
17 27 14
17 95 10
17 91 22
17 66 25
17 93 14
17 87 16
17 0 13
17 45 6
17 96 16
17 4 6
17 34 8
17 1 7
17 43 20
17 18 12
17 26 16
17 3 14
17 19 21
17 85 9
17 89 24
17 7 11
17 58 11
17 70 17
17 86 21
17 40 12
17 61 22
17 14 7
17 57 21
17 44 10
17 56 14
17 94 10
17 73 20
17 11 22
17 46 6
17 83 21
17 64 23
17 39 5
17 68 24
17 72 23
17 97 16
17 60 24
17 69 17
17 79 13
17 25 5
18 90 16
18 95 19
18 26 10
18 83 13
18 0 17
18 99 11
18 29 25
18 89 10
18 97 19
18 84 19
18 76 7
18 72 9
18 34 10
18 38 11
18 43 10
18 93 17
18 44 6
18 86 23
18 30 8
18 70 7
18 1 17
18 67 21
18 22 5
18 78 7
18 74 7
18 57 10
18 19 19
18 35 18
18 37 21
18 10 22
18 63 7
18 8 13
18 87 15
18 66 20
18 69 7
18 64 9
18 77 23
18 52 25
18 46 7
18 12 19
18 16 16
18 15 7
18 54 19
18 53 13
18 71 24
18 45 10
18 33 15
18 13 24
18 47 12
18 82 22
18 4 24
18 62 17
18 36 11
18 96 8
18 21 11
18 17 19
18 24 23
18 73 19
18 65 11
18 88 11
18 39 21
18 75 16
18 23 9
18 42 13
18 9 13
19 8 14
19 92 16
19 81 16
19 71 15
19 80 20
19 17 14
19 37 11
19 56 9
19 58 7
19 34 16
19 60 19
19 78 5
19 79 9
19 90 15
19 76 16
19 44 8
19 95 5
19 57 7
19 63 5
19 10 12
19 86 20
19 9 24
19 65 18
19 88 7
19 40 25
19 14 5
19 61 23
19 6 12
19 94 20
19 5 7
19 72 25
19 69 7
19 27 23
19 12 20
19 68 23
19 46 15
19 48 10
19 28 19
19 23 13
19 70 20
19 66 5
19 11 8
19 91 9
19 1 23
19 55 25
19 36 25
19 20 8
19 2 12
19 98 12
19 30 18
19 97 22
19 89 10
19 24 11
19 31 10
19 26 22
19 51 5
19 84 5
19 43 11
19 39 11
19 67 9
19 16 18
19 21 22
19 96 10
19 74 10
19 0 16
19 62 20
19 87 6
19 35 16
19 15 6
19 52 18
19 3 11
19 85 25
19 59 21
19 75 5
19 32 5
19 53 8
20 79 25
20 99 20
20 63 15
20 91 7
20 88 10
20 94 17
20 31 6
20 74 22
20 26 25
20 92 21
20 32 13
20 70 19
20 86 10
20 2 23
20 34 11
20 48 9
20 10 23
20 35 13
20 80 13
20 49 10
20 96 16
20 67 23
20 14 14
20 18 22
20 84 11
20 76 21
20 56 11
20 27 19
20 61 17
20 45 12
20 40 5
20 53 14
20 21 8
20 33 25
20 29 17
20 7 17
20 16 10
20 50 21
20 83 18
20 81 19
20 46 7
20 58 20
20 39 19
20 30 17
20 77 23
20 97 24
20 43 22
20 9 12
20 6 24
20 12 7
20 36 23
20 19 23
20 8 5
20 41 6
20 24 12
20 55 7
20 59 23
21 64 8
21 1 19
21 33 15
21 13 11
21 51 13
21 53 13
21 83 17
21 36 11
21 91 6
21 77 17
21 18 24
21 86 5
21 29 14
21 68 20
21 96 14
21 48 16
21 38 17
21 49 9
21 34 9
21 94 10
21 80 18
21 52 24
21 41 9
21 58 12
21 67 16
21 16 8
21 60 10
21 69 9
21 56 19
21 43 6
21 37 10
21 57 24
21 12 10
21 78 6
21 84 23
21 35 10
21 28 16
21 92 8
21 24 23
21 54 23
21 79 23
21 25 6
21 11 9
21 82 18
21 88 9
21 10 9
21 2 19
21 85 19
21 4 22
21 73 6
21 89 20
21 76 7
21 55 19
21 27 16
21 17 15
21 59 10
21 46 6
21 63 13
21 61 15
21 62 5
21 45 19
21 40 12
21 90 14
21 26 21
22 26 20
22 34 24
22 65 17
22 43 13
22 96 13
22 8 6
22 52 23
22 35 6
22 12 9
22 3 16
22 19 24
22 44 12
22 73 14
22 5 9
22 2 25
22 94 17
22 15 8
22 98 12
22 30 23
22 17 19
22 71 22
22 41 22
22 76 12
22 18 24
22 62 19
22 56 19
22 31 8
22 11 18
22 79 6
22 42 20
22 63 24
22 6 13
22 64 5
22 21 17
22 78 20
22 33 16
22 39 22
22 99 20
22 10 21
22 32 24
22 50 24
22 91 17
22 28 6
22 70 20
22 37 9
22 45 18
22 77 18
22 54 21
22 24 21
22 9 12
22 4 25
22 27 22
22 29 9
22 81 16
22 46 21
22 0 18
22 97 10
22 47 9
22 49 14
22 7 16
22 87 24
22 25 15
22 92 8
22 13 8
22 20 9
22 67 6
23 62 12
23 31 14
23 20 5
23 55 18
23 48 25
23 45 8
23 93 25
23 77 15
23 50 22
23 86 7
23 63 13
23 99 25
23 60 10
23 64 8
23 75 11
23 70 10
23 92 18
23 27 11
23 32 20
23 59 16
23 82 15
23 30 9
23 76 15
23 44 19
23 58 9
23 42 9
23 80 13
23 49 5
23 97 12
23 14 11
23 98 16
23 12 21
23 81 25
23 85 14
23 40 10
23 56 6
23 52 19
23 10 14
23 37 13
23 83 13
23 1 20
23 35 16
23 17 22
23 38 21
23 67 9
23 78 8
23 41 21
23 46 20
23 25 14
23 47 14
23 69 10
23 11 13
23 90 19
23 65 16
23 0 13
23 79 9
23 15 11
23 89 10
23 88 19
23 28 21
23 71 15
23 87 10
23 34 19
23 43 13
23 96 24
23 66 15
24 93 25
24 81 23
24 0 15
24 99 18
24 60 20
24 91 15
24 96 24
24 15 11
24 62 17
24 26 18
24 51 7
24 66 10
24 10 23
24 97 20
24 49 14
24 57 22
24 9 14
24 44 17
24 76 20
24 74 25
24 88 14
24 69 20
24 36 19
24 58 23
24 86 9
24 82 17
24 48 24
24 42 16
24 16 16
24 72 21
24 55 18
24 63 5
24 32 22
24 95 17
24 29 11
24 94 5
24 33 11
24 17 8
24 31 8
24 19 22
24 54 19
24 85 6
24 53 15
24 89 24
24 87 5
24 46 25
24 61 25
24 21 23
24 84 9
24 23 17
24 83 9
24 4 18
24 47 8
24 71 23
24 5 9
24 56 24
24 92 7
24 11 20
24 98 10
24 37 12
24 43 8
25 44 13
25 45 19
25 58 11
25 60 21
25 70 7
25 80 12
25 52 19
25 31 25
25 84 15
25 47 15
25 38 8
25 43 10
25 98 14
25 5 18
25 32 20
25 90 11
25 66 17
25 22 5
25 51 21
25 49 25
25 11 16
25 48 14
25 74 7
25 56 18
25 85 8
25 6 10
25 18 25
25 76 18
25 40 8
25 95 18
25 94 17
25 17 20
25 37 16
25 0 20
25 75 7
25 15 16
25 8 24
25 2 11
25 24 24
25 41 19
25 55 17
25 16 6
25 83 16
25 7 13
25 89 16
25 54 11
25 61 5
25 78 10
25 39 21
25 68 18
25 36 11
25 77 18
25 73 23
25 13 18
25 21 10
25 96 18
25 4 13
25 10 23
25 1 17
25 14 14
25 12 20
25 30 8
25 87 18
25 29 23
25 27 7
25 88 20
25 97 25
25 50 11
25 59 23
25 42 14
25 91 14
25 28 19
25 57 15
26 16 19
26 9 17
26 44 5
26 78 23
26 67 16
26 97 9
26 35 9
26 25 9
26 48 15
26 77 11
26 66 5
26 68 20
26 86 13
26 8 21
26 54 21
26 39 15
26 85 24
26 6 8
26 10 10
26 81 21
26 52 11
26 36 20
26 23 18
26 15 17
26 59 13
26 5 6
26 28 17
26 4 6
26 58 20
26 71 20
26 88 22
26 55 20
26 87 23
26 82 7
26 62 18
26 69 24
26 40 13
26 24 18
26 47 5
26 0 15
26 79 13
26 34 16
26 2 19
26 13 11
26 33 25
26 30 17
26 45 23
26 80 11
26 21 11
26 98 18
26 19 6
26 49 21
26 22 15
26 84 9
26 61 10
26 83 18
26 11 17
26 53 21
26 27 19
26 41 19
26 12 8
26 51 9
26 91 22
26 3 23
26 38 13
26 37 14
26 64 18
27 65 10
27 17 17
27 55 14
27 66 6
27 83 11
27 72 18
27 87 14
27 47 16
27 74 22
27 73 6
27 29 11
27 26 11
27 56 14
27 18 13
27 52 23
27 9 16
27 93 25
27 85 9
27 54 18
27 8 17
27 59 18
27 88 24
27 67 10
27 50 12
27 49 23
27 37 18
27 99 22
27 96 11
27 69 22
27 4 9
27 77 12
27 97 5
27 61 9
27 31 14
27 41 17
27 82 11
27 63 21
27 46 9
27 80 8
27 90 18
27 92 17
27 98 8
27 22 13
27 0 10
27 33 14
27 62 11
27 5 13
27 42 16
27 28 17
27 32 13
27 86 22
27 43 11
27 71 11
27 14 19
27 91 8
27 70 5
27 30 15
27 21 21
27 20 15
27 36 14
27 78 24
27 6 11
27 94 23
28 80 15
28 86 25
28 24 16
28 82 5
28 35 11
28 94 16
28 49 11
28 18 13
28 38 15
28 23 17
28 85 24
28 34 23
28 10 10
28 3 20
28 21 5
28 32 11
28 55 24
28 46 6
28 95 15
28 11 18
28 6 23
28 99 11
28 2 8
28 52 12
28 37 16
28 53 19
28 56 20
28 19 19
28 44 14
28 26 15
28 73 11
28 77 21
28 62 9
28 50 14
28 45 11
28 4 8
28 63 9
28 68 8
28 69 24
28 92 24
28 39 23
28 20 19
28 87 25
28 1 19
28 57 5
28 36 9
28 78 12
28 70 18
28 9 15
28 51 6
28 79 14
28 33 15
28 0 16
28 54 10
28 22 17
28 98 21
28 66 9
29 21 19
29 59 8
29 95 15
29 27 19
29 22 6
29 20 13
29 50 17
29 4 12
29 54 13
29 58 16
29 67 9
29 42 5
29 17 25
29 45 9
29 15 6
29 52 22
29 98 24
29 64 23
29 80 15
29 23 25
29 2 14
29 19 17
29 49 15
29 18 24
29 16 25
29 99 16
29 25 23
29 3 25
29 39 23
29 55 14
29 76 7
29 78 25
29 72 15
29 36 23
29 87 13
29 91 23
29 48 6
29 84 9
29 11 10
29 86 19
29 43 7
29 75 16
29 1 9
29 0 13
29 88 5
29 10 10
29 5 19
29 14 19
29 53 25
29 92 25
29 12 5
29 63 7
29 89 8
29 57 12
29 61 7
29 56 7
29 30 13
29 71 21
29 65 23
29 73 12
29 81 14
29 83 16
29 6 24
29 31 12
29 7 18
29 82 24
29 44 9
29 13 10
29 68 24
30 66 7
30 46 23
30 51 23
30 95 21
30 91 11
30 54 13
30 3 13
30 44 16
30 29 17
30 45 20
30 65 14
30 86 24
30 67 14
30 19 12
30 77 17
30 21 19
30 60 13
30 81 21
30 26 12
30 18 10
30 15 19
30 16 17
30 96 11
30 36 7
30 73 22
30 57 7
30 13 24
30 12 5
30 93 5
30 1 11
30 92 13
30 59 19
30 83 8
30 79 13
30 99 16
30 90 8
30 34 16
30 63 18
30 32 7
30 69 22
30 25 25
30 71 10
30 53 25
30 43 19
30 24 17
30 62 18
30 64 10
30 27 5
30 94 8
30 38 9
30 40 10
30 87 16
30 47 25
30 50 13
30 20 20
30 39 21
30 72 7
30 17 23
30 97 22
30 80 16
30 0 5
30 74 17
30 7 13
30 61 21
30 4 11
30 52 6
30 37 7
30 85 20
30 2 21
30 56 18
30 35 19
30 10 8
30 75 18
31 9 7
31 87 18
31 67 18
31 26 15
31 11 11
31 21 22
31 8 10
31 22 24
31 85 13
31 14 9
31 99 22
31 25 23
31 48 15
31 76 8
31 65 5
31 50 9
31 38 12
31 52 16
31 58 5
31 63 20
31 93 12
31 5 17
31 90 16
31 30 12
31 89 5
31 62 25
31 12 23
31 47 12
31 70 21
31 10 11
31 29 19
31 20 25
31 6 20
31 1 10
31 54 21
31 56 15
31 49 10
31 72 14
31 23 6
31 19 22
31 2 18
31 84 18
31 96 23
31 82 14
31 15 9
31 64 17
31 94 15
31 3 6
31 55 25
31 51 13
31 83 22
31 61 10
31 97 25
31 45 25
31 88 14
31 71 18
31 80 25
31 79 8
31 91 7
31 18 11
31 74 22
31 39 24
31 33 12
31 86 23
32 58 11
32 44 12
32 82 14
32 70 23
32 89 10
32 83 20
32 98 20
32 36 20
32 78 23
32 43 24
32 47 16
32 60 15
32 53 14
32 23 13
32 90 25
32 0 23
32 71 13
32 24 7
32 74 20
32 42 24
32 16 23
32 73 17
32 63 19
32 1 18
32 85 5
32 9 18
32 65 24
32 52 12
32 64 9
32 96 14
32 66 12
32 61 18
32 33 12
32 67 25
32 5 6
32 50 5
32 8 7
32 68 5
32 3 24
32 4 24
32 31 10
32 86 12
32 7 18
32 22 16
32 69 10
32 35 5
32 48 7
32 95 23
32 26 19
32 92 5
32 55 25
32 56 19
32 80 24
32 21 7
32 49 13
32 40 16
32 41 23
32 19 23
32 88 24
32 76 16
32 62 25
32 13 19
32 6 17
32 38 6
32 39 12
32 11 20
32 94 12
32 84 8
32 59 14
32 30 25
33 39 25
33 19 8
33 99 15
33 51 14
33 95 16
33 57 15
33 52 24
33 98 18
33 84 15
33 37 9
33 35 22
33 42 5
33 7 9
33 69 16
33 93 9
33 14 11
33 90 23
33 73 25
33 49 9
33 71 10
33 34 11
33 88 22
33 11 19
33 43 19
33 20 5
33 21 5
33 54 25
33 61 24
33 75 19
33 23 13
33 82 8
33 70 12
33 53 9
33 3 9
33 47 10
33 55 5
33 67 24
33 81 7
33 77 17
33 1 7
33 5 14
33 85 23
33 31 11
33 74 5
33 76 17
33 15 17
33 68 7
33 45 23
33 30 25
33 17 20
33 9 7
33 12 18
33 38 24
33 87 6
33 79 6
33 24 17
33 56 9
33 80 12
33 46 23
33 26 11
33 60 14
33 50 13
33 64 18
33 92 21
33 65 7
34 6 10
34 20 6
34 55 15
34 7 7
34 43 10
34 95 7
34 29 19
34 25 21
34 58 25
34 57 21
34 23 18
34 47 6
34 48 8
34 72 18
34 37 6
34 39 12
34 71 8
34 13 16
34 93 6
34 81 9
34 41 17
34 61 20
34 90 23
34 1 11
34 11 20
34 44 19
34 31 10
34 68 10
34 0 20
34 73 22
34 96 21
34 70 17
34 54 25
34 49 12
34 28 12
34 65 8
34 56 23
34 35 8
34 66 11
34 19 20
34 77 18
34 10 16
34 18 12
34 91 23
34 69 10
34 78 23
34 14 25
34 5 20
34 94 22
34 17 25
34 26 10
34 98 13
34 59 21
34 30 23
34 79 17
34 16 5
34 60 6
34 2 11
35 46 14
35 65 14
35 10 14
35 78 12
35 37 24
35 27 12
35 23 25
35 87 18
35 32 12
35 58 11
35 74 17
35 39 11
35 69 7
35 17 18
35 9 6
35 11 13
35 4 6
35 83 9
35 97 21
35 67 22
35 88 5
35 45 25
35 84 5
35 68 17
35 28 15
35 0 22
35 61 23
35 26 18
35 1 13
35 80 15
35 79 25
35 30 23
35 94 22
35 43 17
35 6 22
35 85 10
35 21 17
35 59 10
35 2 23
35 36 23
35 22 24
35 12 25
35 56 7
35 77 10
35 38 14
35 95 23
35 13 19
35 18 10
35 92 21
35 49 10
35 44 14
35 86 10
35 60 14
35 8 23
35 63 20
35 14 22
35 96 6
35 64 20
35 33 10
35 99 14
35 62 8
35 51 10
35 16 20
35 19 20
35 98 15
35 54 23
35 76 20
35 81 18
35 53 20
35 93 16
35 66 24
35 72 23
35 47 23
35 41 22
35 70 19
36 35 7
36 24 25
36 66 9
36 9 24
36 88 18
36 47 22
36 90 19
36 33 8
36 49 5
36 51 9
36 20 6
36 4 14
36 12 22
36 87 15
36 44 12
36 55 22
36 54 14
36 23 11
36 84 11
36 16 19
36 64 5
36 2 16
36 94 8
36 58 24
36 8 19
36 89 17
36 56 20
36 37 15
36 39 21
36 5 18
36 30 16
36 81 19
36 13 19
36 27 5
36 63 5
36 26 11
36 68 23
36 42 16
36 53 23
36 96 15
36 75 13
36 7 23
36 93 9
36 65 14
36 38 11
36 70 19
36 18 19
36 48 12
36 15 17
36 45 11
36 31 9
36 95 7
36 11 10
37 8 17
37 53 10
37 25 16
37 56 24
37 16 19
37 1 21
37 49 21
37 34 19
37 0 12
37 46 16
37 40 8
37 64 15
37 59 17
37 30 6
37 43 11
37 44 15
37 84 6
37 14 16
37 17 17
37 63 24
37 98 16
37 71 14
37 91 24
37 94 21
37 81 23
37 27 25
37 51 25
37 99 16
37 32 25
37 19 22
37 80 18
37 2 15
37 9 19
37 97 10
37 77 10
37 54 19
37 42 8
37 65 6
37 20 6
37 18 21
37 66 14
37 29 25
37 87 23
37 78 8
37 60 24
37 88 9
37 75 13
37 89 12
37 85 7
37 92 13
37 83 6
37 50 24
37 45 10
37 39 18
37 90 9
37 72 16
37 4 10
37 3 18
37 5 12
38 36 17
38 77 6
38 1 12
38 24 25
38 92 18
38 34 7
38 84 22
38 53 15
38 78 24
38 63 24
38 48 12
38 98 19
38 90 17
38 94 20
38 18 13
38 95 16
38 14 5
38 9 23
38 50 8
38 80 17
38 41 10
38 70 5
38 10 5
38 2 21
38 20 6
38 28 8
38 31 10
38 19 19
38 43 10
38 66 15
38 15 18
38 86 18
38 91 25
38 54 6
38 13 17
38 4 19
38 56 6
38 39 20
38 8 6
38 55 25
38 6 15
38 27 8
38 42 16
38 61 18
38 99 14
38 35 16
38 11 17
38 81 15
38 79 16
38 0 19
38 52 20
38 51 19
38 96 11
38 59 23
38 21 25
38 88 8
38 58 8
38 5 19
38 33 14
38 65 25
38 22 5
38 64 16
38 87 20
38 49 17
38 73 13
38 72 13
38 69 10
38 17 6
38 60 20
38 74 10
38 40 25
39 88 12
39 5 9
39 27 7
39 95 18
39 74 9
39 66 23
39 43 21
39 54 22
39 34 12
39 90 20
39 24 20
39 15 8
39 40 18
39 56 5
39 79 13
39 60 24
39 71 17
39 18 10
39 4 7
39 16 16
39 48 16
39 50 9
39 29 5
39 13 20
39 36 9
39 21 24
39 72 15
39 37 24
39 85 11
39 67 12
39 44 11
39 78 5
39 1 17
39 84 5
39 45 8
39 53 24
39 6 5
39 68 8
39 65 20
39 77 11
39 92 21
39 76 25
39 62 10
39 75 19
39 12 22
39 30 23
39 63 7
39 87 20
39 58 11
39 31 9
39 20 12
39 86 8
39 61 21
39 32 7
39 59 21
39 41 20
39 23 16
39 25 16
39 10 10
39 96 23
39 64 24
39 57 15
39 51 21
39 35 18
39 33 23
39 94 16
40 92 11
40 8 13
40 86 9
40 73 25
40 6 5
40 84 9
40 26 24
40 10 13
40 11 8
40 48 18
40 64 12
40 53 14
40 46 6
40 87 9
40 54 15
40 12 15
40 99 5
40 9 9
40 3 17
40 42 18
40 66 22
40 81 5
40 58 25
40 4 21
40 23 6
40 97 15
40 41 8
40 31 13
40 62 15
40 75 20
40 59 20
40 19 24
40 39 20
40 30 11
40 2 10
40 89 6
40 16 22
40 80 10
40 0 10
40 28 22
40 44 12
40 56 7
40 67 23
40 32 18
40 33 13
40 65 9
40 96 12
40 36 18
40 38 7
40 85 7
40 91 6
40 82 10
40 49 11
40 7 24
40 50 22
40 14 6
40 79 15
40 47 19
40 37 16
40 51 21
40 15 17
40 57 11
40 78 21
40 5 6
40 1 7
40 83 17
41 16 22
41 49 10
41 64 16
41 29 10
41 65 13
41 93 25
41 62 23
41 48 6
41 2 15
41 17 22
41 25 17
41 57 6
41 66 5
41 83 10
41 94 21
41 28 6
41 52 21
41 38 6
41 27 20
41 9 11
41 15 9
41 13 20
41 81 19
41 43 23
41 55 15
41 23 21
41 98 18
41 33 9
41 42 22
41 14 10
41 54 16
41 61 25
41 22 15
41 7 18
41 18 17
41 3 19
41 96 16
41 34 19
41 92 19
41 70 8
41 20 23
41 72 7
41 56 17
41 30 10
41 51 25
41 45 11
41 84 21
41 46 16
41 59 22
41 89 25
41 82 21
41 95 17
41 4 12
41 50 12
41 76 5
41 78 5
41 44 6
41 12 22
41 6 17
41 68 16
41 80 14
41 36 8
41 67 18
42 74 18
42 38 25
42 19 19
42 82 16
42 25 5
42 70 13
42 99 8
42 16 17
42 56 10
42 32 9
42 10 15
42 29 20
42 92 25
42 55 20
42 26 15
42 93 18
42 66 6
42 14 16
42 87 7
42 6 12
42 43 17
42 7 25
42 11 16
42 3 8
42 37 17
42 50 5
42 54 25
42 80 22
42 46 15
42 17 5
42 88 5
42 33 8
42 47 23
42 91 24
42 86 23
42 1 18
42 77 18
42 64 23
42 31 18
42 18 20
42 62 16
42 49 25
42 71 22
42 24 7
42 83 19
42 89 23
42 45 9
42 69 13
42 79 5
42 51 17
42 68 18
42 35 19
42 13 13
42 0 15
42 20 25
42 78 8
42 44 17
42 28 24
42 72 5
42 53 7
42 27 20
42 63 20
42 60 6
42 67 20
43 55 19
43 57 5
43 0 17
43 70 23
43 20 22
43 92 14
43 97 18
43 58 8
43 45 14
43 29 20
43 28 16
43 36 17
43 93 9
43 88 21
43 66 13
43 77 15
43 39 20
43 11 14
43 76 20
43 21 6
43 18 9
43 12 8
43 25 9
43 83 17
43 41 7
43 38 6
43 2 13
43 87 24
43 54 21
43 46 23
43 50 12
43 16 5
43 74 13
43 40 21
43 91 20
43 27 25
43 7 15
43 30 17
43 32 12
43 73 7
43 10 20
43 62 5
43 86 17
43 99 18
43 59 17
43 64 18
43 68 24
43 90 20
43 31 23
43 56 10
43 49 11
43 3 12
43 26 11
43 75 11
43 84 18
43 37 12
43 85 5
43 1 9
43 24 13
43 6 17
43 69 23
44 22 19
44 95 18
44 37 15
44 35 12
44 83 15
44 1 10
44 88 17
44 38 11
44 40 10
44 79 23
44 63 19
44 47 18
44 61 23
44 26 8
44 28 8
44 81 22
44 32 15
44 99 15
44 20 12
44 39 20
44 58 10
44 84 24
44 51 19
44 73 5
44 7 22
44 16 7
44 15 14
44 41 17
44 85 11
44 94 10
44 19 7
44 65 16
44 72 6
44 29 22
44 87 19
44 55 6
44 80 9
44 43 13
44 57 13
44 3 13
44 62 14
44 17 17
44 10 12
44 21 7
44 92 5
44 33 20
44 59 6
44 54 16
44 75 20
44 90 25
44 27 14
44 0 19
44 98 11
44 96 16
44 60 19
44 71 21
44 9 21
44 48 12
44 68 22
44 74 21
45 42 5
45 24 20
45 82 5
45 56 23
45 19 6
45 60 17
45 77 22
45 23 19
45 7 5
45 18 25
45 22 9
45 6 25
45 15 12
45 79 16
45 20 9
45 64 21
45 17 15
45 35 20
45 53 6
45 34 22
45 95 9
45 99 20
45 87 22
45 29 9
45 48 7
45 65 7
45 3 14
45 75 10
45 55 21
45 50 7
45 80 16
45 63 6
45 81 20
45 66 7
45 8 23
45 12 6
45 43 10
45 30 16
45 84 18
45 36 8
45 28 19
45 31 12
45 71 18
45 13 18
45 47 17
45 21 25
45 73 10
45 38 21
45 5 11
45 37 21
45 92 17
45 59 5
45 25 8
45 68 11
45 32 21
45 67 18
45 39 17
45 4 21
45 69 7
45 49 8
45 16 5
45 61 11
45 51 14
45 33 14
45 98 19
45 58 6
45 97 11
46 31 8
46 16 23
46 57 14
46 77 8
46 72 8
46 1 15
46 65 7
46 92 15
46 82 19
46 53 8
46 0 24
46 41 6
46 64 8
46 38 7
46 26 21
46 15 6
46 35 19
46 62 21
46 83 18
46 20 6
46 11 6
46 75 12
46 40 14
46 80 8
46 63 8
46 2 17
46 21 24
46 89 9
46 78 22
46 37 24
46 36 22
46 4 10
46 93 5
46 67 6
46 98 18
46 33 19
46 9 16
46 19 20
46 68 11
46 99 18
46 34 8
46 76 5
46 74 18
46 5 15
46 58 11
46 54 21
46 18 20
46 94 12
46 61 23
46 88 17
46 91 20
46 90 24
46 97 8
46 87 19
46 23 6
46 27 19
46 95 17
46 14 16
46 25 21
46 22 18
46 29 9
46 44 11
46 55 11
46 84 18
47 57 9
47 83 22
47 37 7
47 60 18
47 87 15
47 88 10
47 95 23
47 86 18
47 0 21
47 33 6
47 3 10
47 79 12
47 18 9
47 34 10
47 31 12
47 40 14
47 32 18
47 19 7
47 61 25
47 71 5
47 91 25
47 9 24
47 45 12
47 41 17
47 55 11
47 77 18
47 66 7
47 39 16
47 49 17
47 24 22
47 94 18
47 62 20
47 21 16
47 8 19
47 35 21
47 68 8
47 29 14
47 52 23
47 2 25
47 13 13
47 64 20
47 1 8
47 20 10
47 58 25
47 17 6
47 69 23
47 23 12
47 65 24
47 59 7
47 70 16
47 28 23
47 10 6
47 51 24
47 80 16
47 89 25
47 96 19
47 22 23
47 97 20
47 56 8
47 25 19
47 43 15
47 14 16
47 7 21
48 12 6
48 13 15
48 60 12
48 40 24
48 26 19
48 25 24
48 95 6
48 86 25
48 0 6
48 34 5
48 90 13
48 88 22
48 61 12
48 69 17
48 45 17
48 24 14
48 29 18
48 23 7
48 1 7
48 97 8
48 79 7
48 36 22
48 89 21
48 37 17
48 83 10
48 78 10
48 35 22
48 73 13
48 46 5
48 96 25
48 4 18
48 80 10
48 56 5
48 15 24
48 28 14
48 2 8
48 43 24
48 3 24
48 70 10
48 92 19
48 54 14
48 99 25
48 82 14
48 51 23
48 41 23
48 76 7
48 50 10
48 74 19
48 27 16
48 20 22
48 87 17
48 18 22
48 11 22
48 98 16
48 65 11
48 6 19
48 33 11
48 64 6
48 57 21
48 7 25
48 22 18
48 19 11
48 58 22
48 91 18
48 53 6
48 30 19
48 49 9
49 67 9
49 37 5
49 86 18
49 99 19
49 12 15
49 88 5
49 51 22
49 3 11
49 63 8
49 47 8
49 97 15
49 74 22
49 95 8
49 39 16
49 84 10
49 35 22
49 78 23
49 75 20
49 38 19
49 65 7
49 66 15
49 79 25
49 17 17
49 10 18
49 70 9
49 90 21
49 28 18
49 19 16
49 6 23
49 41 22
49 58 9
49 85 19
49 68 12
49 5 24
49 1 16
49 26 24
49 27 19
49 25 5
49 93 23
49 8 21
49 77 6
49 72 22
49 32 12
49 62 17
49 91 25
49 92 16
49 4 22
49 60 6
49 43 11
49 15 19
49 48 19
49 56 23
49 54 9
49 46 10
49 73 19
49 33 20
49 76 10
49 83 19
49 50 14
49 7 19
49 71 10
49 44 9
49 22 16
49 87 10
50 73 19
50 22 23
50 31 13
50 57 13
50 10 25
50 6 5
50 23 18
50 63 16
50 32 21
50 74 16
50 11 10
50 0 11
50 16 10
50 91 22
50 69 25
50 29 11
50 26 9
50 27 11
50 53 8
50 99 10
50 25 15
50 46 18
50 58 19
50 85 9
50 42 17
50 21 10
50 4 10
50 66 14
50 45 18
50 1 12
50 5 10
50 51 13
50 80 15
50 78 6
50 71 19
50 17 7
50 88 9
50 97 9
50 49 8
50 96 22
50 90 7
50 38 15
50 47 22
50 2 22
50 28 21
50 36 23
50 24 6
50 81 7
50 87 19
50 75 15
50 98 16
50 7 25
50 72 9
50 8 12
50 64 23
50 67 8
50 54 17
50 56 5
50 61 14
50 60 8
50 79 11
50 14 10
50 40 24
50 13 15
50 82 15
50 95 11
50 19 25
50 55 21
50 84 19
50 41 12
51 31 17
51 12 24
51 72 20
51 76 10
51 11 11
51 62 11
51 45 22
51 26 15
51 16 9
51 9 23
51 50 21
51 44 21
51 49 11
51 80 7
51 32 8
51 15 18
51 67 5
51 90 16
51 18 12
51 56 25
51 98 16
51 86 12
51 99 5
51 84 7
51 30 6
51 0 7
51 8 24
51 96 10
51 83 8
51 43 12
51 41 11
51 6 13
51 60 22
51 37 14
51 97 24
51 55 9
51 36 9
51 88 5
51 10 25
51 77 16
51 63 7
51 3 23
51 27 18
51 35 17
51 46 22
51 95 14
51 85 17
51 82 11
51 39 9
51 17 5
51 81 10
51 71 22
51 66 21
51 1 24
51 21 18
51 69 10
51 74 25
51 42 7
51 34 19
51 2 14
51 13 24
51 29 22
51 87 23
51 38 5
51 53 10
51 19 22
51 20 23
51 59 17
51 47 11
51 68 11
51 33 7
51 58 5
51 5 22
52 99 17
52 86 6
52 49 24
52 65 7
52 89 22
52 87 7
52 16 14
52 27 5
52 95 24
52 76 12
52 18 11
52 47 24
52 29 22
52 73 17
52 71 23
52 53 22
52 90 16
52 51 21
52 6 23
52 83 15
52 2 7
52 12 9
52 0 13
52 37 16
52 92 15
52 24 8
52 34 19
52 20 22
52 55 9
52 26 6
52 50 11
52 39 12
52 88 6
52 35 23
52 19 13
52 56 9
52 9 18
52 25 24
52 43 9
52 44 18
52 28 18
52 72 24
52 21 23
52 38 24
52 22 15
52 23 14
52 84 22
52 14 17
52 98 16
52 57 16
52 64 9
52 75 22
53 50 12
53 10 6
53 39 21
53 92 13
53 43 5
53 13 15
53 55 20
53 65 11
53 69 5
53 51 18
53 97 18
53 2 22
53 20 12
53 67 13
53 23 20
53 38 15
53 93 6
53 71 22
53 8 8
53 78 10
53 64 13
53 7 13
53 31 7
53 82 11
53 42 21
53 24 23
53 94 13
53 86 20
53 84 23
53 61 12
53 12 24
53 11 20
53 85 21
53 99 16
53 15 20
53 80 17
53 62 5
53 25 7
53 91 6
53 40 21
53 35 10
53 77 17
53 88 21
53 34 23
53 95 11
53 89 14
53 29 20
53 4 24
53 56 22
53 52 12
53 26 6
53 32 9
53 96 15
53 49 13
53 58 13
53 27 22
53 41 22
53 54 17
53 5 5
53 1 16
53 72 13
53 14 7
53 45 12
53 6 11
53 9 7
53 30 10
53 98 6
53 60 17
53 73 18
53 47 5
54 6 8
54 67 8
54 18 23
54 19 25
54 73 13
54 80 20
54 50 15
54 34 14
54 97 15
54 71 6
54 22 18
54 36 8
54 90 15
54 81 17
54 59 7
54 2 21
54 13 25
54 70 12
54 9 19
54 29 21
54 44 11
54 35 13
54 4 13
54 86 15
54 23 6
54 43 12
54 60 21
54 99 17
54 16 8
54 17 6
54 46 16
54 38 23
54 47 11
54 85 15
54 89 10
54 91 12
54 63 25
54 45 24
54 40 24
54 66 21
54 68 9
54 87 21
54 79 21
54 77 8
54 1 8
54 42 15
54 95 9
54 33 8
54 3 9
54 30 20
54 56 15
54 14 25
54 83 19
54 24 8
54 69 24
54 48 6
54 57 18
54 49 14
54 94 19
54 84 5
54 20 11
54 74 9
54 10 8
54 76 24
54 88 19
55 6 15
55 93 16
55 19 19
55 54 10
55 1 24
55 37 6
55 64 9
55 67 12
55 98 22
55 53 21
55 70 8
55 39 8
55 62 11
55 38 18
55 13 21
55 73 5
55 89 17
55 41 25
55 51 5
55 31 19
55 0 5
55 9 9
55 3 5
55 65 9
55 83 25
55 35 9
55 11 20
55 40 22
55 49 18
55 33 23
55 90 12
55 44 11
55 2 25
55 25 22
55 46 23
55 99 15
55 27 9
55 91 5
55 81 24
55 78 8
55 29 11
55 59 8
55 28 25
55 85 11
55 84 7
55 12 5
55 77 15
55 32 23
55 52 20
55 75 11
55 97 20
55 82 19
55 17 12
55 4 15
55 50 12
55 5 6
55 43 21
55 60 7
55 47 16
55 61 11
55 22 24
55 56 23
55 34 9
55 14 7
55 48 22
55 72 23
55 86 7
55 58 15
55 8 7
55 15 18
55 18 9
56 87 22
56 53 11
56 22 7
56 66 20
56 36 16
56 0 11
56 75 21
56 26 23
56 95 20
56 81 16
56 33 24
56 62 21
56 57 7
56 94 19
56 55 9
56 68 5
56 54 17
56 30 23
56 59 23
56 74 19
56 43 10
56 19 23
56 50 9
56 51 22
56 5 15
56 91 23
56 48 8
56 92 15
56 93 18
56 72 12
56 80 25
56 90 16
56 17 21
56 25 19
56 41 22
56 4 23
56 13 18
56 76 7
56 67 5
56 39 14
56 73 22
56 31 18
56 1 25
56 3 12
56 6 16
56 32 18
56 7 24
56 85 15
56 37 6
56 63 12
56 82 24
56 45 9
56 96 7
56 12 7
56 2 16
56 11 10
56 88 24
56 47 15
56 97 15
56 38 13
56 99 25
56 16 13
56 60 20
56 98 21
56 27 13
56 44 11
56 9 22
56 28 16
56 58 7
56 77 6
56 84 19
56 20 10
56 79 5
57 68 21
57 74 21
57 85 20
57 37 22
57 71 19
57 30 13
57 73 14
57 99 8
57 56 17
57 15 22
57 12 12
57 70 8
57 18 10
57 19 14
57 61 20
57 52 19
57 50 15
57 27 9
57 38 17
57 83 11
57 90 8
57 47 6
57 1 10
57 5 14
57 48 21
57 20 19
57 2 14
57 49 22
57 44 19
57 53 8
57 94 12
57 86 11
57 22 23
57 45 22
57 76 11
57 62 5
57 26 12
57 4 16
57 32 18
57 14 15
57 16 19
57 84 22
57 25 16
57 92 8
57 43 14
57 77 7
57 66 22
57 3 14
57 11 24
57 54 10
57 87 10
57 51 9
57 80 15
57 8 11
57 28 17
57 72 22
57 23 22
57 17 11
57 95 7
57 89 11
57 88 5
57 24 11
57 10 19
57 29 11
57 40 12
57 41 13
58 72 10
58 21 21
58 67 10
58 52 6
58 30 6
58 28 15
58 99 24
58 6 16
58 75 20
58 24 24
58 73 18
58 43 23
58 29 6
58 53 10
58 20 9
58 49 11
58 84 22
58 82 11
58 34 9
58 96 25
58 14 6
58 10 21
58 83 21
58 12 17
58 47 25
58 26 18
58 68 23
58 2 19
58 5 12
58 41 16
58 60 18
58 32 8
58 81 20
58 76 11
58 46 15
58 0 18
58 92 9
58 18 9
58 44 8
58 31 9
58 11 12
58 27 15
58 91 20
58 88 21
58 16 15
58 33 13
58 77 20
58 79 7
58 90 23
58 35 20
58 54 21
58 3 23
58 94 23
58 55 23
58 97 13
58 17 19
58 89 22
58 87 7
58 86 6
58 74 16
58 62 14
58 56 6
58 66 18
58 57 17
58 61 25
58 69 18
59 4 9
59 66 22
59 8 12
59 67 17
59 53 16
59 40 9
59 51 8
59 0 25
59 49 7
59 42 17
59 91 24
59 76 13
59 46 17
59 68 8
59 93 22
59 80 13
59 78 13
59 89 12
59 56 5
59 21 17
59 24 10
59 86 12
59 81 24
59 38 23
59 35 15
59 88 19
59 87 23
59 71 22
59 58 11
59 69 10
59 17 12
59 33 14
59 19 18
59 57 17
59 32 7
59 31 25
59 60 19
59 54 9
59 12 23
59 14 5
59 9 10
59 7 9
59 62 13
59 30 5
59 36 16
59 82 23
59 6 16
59 63 23
59 75 20
59 90 18
59 39 8
59 15 12
59 44 15
59 61 24
59 92 20
59 48 21
59 52 13
59 34 9
59 10 17
59 20 8
59 25 20
59 45 5
60 38 22
60 58 20
60 14 21
60 59 5
60 61 11
60 64 7
60 40 5
60 30 22
60 46 15
60 36 18
60 41 23
60 8 23
60 53 13
60 96 25
60 9 23
60 1 7
60 89 14
60 91 21
60 7 20
60 15 13
60 87 9
60 35 22
60 17 5
60 75 25
60 68 22
60 47 19
60 62 7
60 63 23
60 37 16
60 45 22
60 11 6
60 20 22
60 67 15
60 4 23
60 52 5
60 55 8
60 22 25
60 48 16
60 27 12
60 50 12
60 80 23
60 10 21
60 83 12
60 71 7
60 57 15
60 84 19
60 43 18
60 97 10
60 74 15
60 24 22
60 56 16
60 12 12
60 86 15
60 3 7
60 6 13
60 51 22
60 66 7
60 23 9
60 54 25
60 5 9
60 25 17
60 72 5
60 70 9
60 69 13
60 33 24
60 90 14
60 42 17
60 39 10
60 49 20
60 44 21
60 76 7
61 31 16
61 74 9
61 88 10
61 75 12
61 27 20
61 28 24
61 46 12
61 42 7
61 91 8
61 40 16
61 6 23
61 82 9
61 11 8
61 54 18
61 9 5
61 17 6
61 64 11
61 86 17
61 95 20
61 81 22
61 56 8
61 83 11
61 97 21
61 2 9
61 59 12
61 41 21
61 10 25
61 30 10
61 43 10
61 44 12
61 33 9
61 84 19
61 20 13
61 52 12
61 92 9
61 98 19
61 62 15
61 35 15
61 55 12
61 78 8
61 65 22
61 8 13
61 5 12
61 85 19
61 63 25
61 15 17
61 89 18
61 69 8
61 12 18
61 70 21
61 73 19
61 39 22
61 21 21
61 48 16
61 68 10
61 47 12
61 51 13
61 37 22
61 18 25
61 79 14
61 60 9
61 76 22
61 57 20
61 72 18
62 30 21
62 67 10
62 86 20
62 3 6
62 34 6
62 96 23
62 68 22
62 93 22
62 11 11
62 39 9
62 85 17
62 33 16
62 87 25
62 92 16
62 42 14
62 71 8
62 57 16
62 60 7
62 28 8
62 15 12
62 51 17
62 2 22
62 29 10
62 22 10
62 99 10
62 82 14
62 88 14
62 98 7
62 6 6
62 65 20
62 55 6
62 0 21
62 64 6
62 91 10
62 89 19
62 16 21
62 78 7
62 4 10
62 31 13
62 69 23
62 47 17
62 75 25
62 40 23
62 5 19
62 53 10
62 21 24
62 56 22
62 17 25
62 45 13
62 74 15
62 49 10
62 35 10
62 1 23
62 95 14
62 66 11
62 61 24
62 37 13
62 41 16
62 46 22
62 63 12
62 79 20
62 36 7
62 8 7
62 32 10
62 18 9
62 54 15
62 70 7
62 73 17
63 65 7
63 21 22
63 18 12
63 59 6
63 75 12
63 94 7
63 12 9
63 85 22
63 81 8
63 39 9
63 36 19
63 87 17
63 67 22
63 53 25
63 28 18
63 98 19
63 57 14
63 4 11
63 33 14
63 37 13
63 48 15
63 88 25
63 25 8
63 14 11
63 97 24
63 22 21
63 96 6
63 86 9
63 23 6
63 41 7
63 68 21
63 8 16
63 78 19
63 89 5
63 6 20
63 27 22
63 60 14
63 69 10
63 80 25
63 32 5
63 95 18
63 77 25
63 79 16
63 24 20
63 99 18
63 70 5
63 50 18
63 71 8
63 54 8
63 83 20
63 31 12
63 11 16
63 10 6
63 2 9
63 66 20
63 56 21
63 47 12
63 52 23
63 73 9
63 93 20
63 61 8
63 58 17
63 1 22
63 46 10
63 49 10
63 91 15
63 9 21
63 92 9
63 72 19
63 3 14
63 42 25
64 65 13
64 3 12
64 39 21
64 18 18
64 55 23
64 79 19
64 84 25
64 42 13
64 10 8
64 47 19
64 59 10
64 76 15
64 19 5
64 75 8
64 51 9
64 40 17
64 49 17
64 9 18
64 28 6
64 26 20
64 50 21
64 61 15
64 85 5
64 11 8
64 20 14
64 31 11
64 89 20
64 81 5
64 8 18
64 74 15
64 56 10
64 58 11
64 92 13
64 36 13
64 6 12
64 97 17
64 25 12
64 96 8
64 35 25
64 77 12
64 62 14
64 45 14
64 87 18
64 90 25
64 16 14
64 54 25
64 0 8
64 83 16
64 34 20
64 73 7
64 12 13
64 44 10
64 37 18
64 27 18
64 52 23
64 13 7
64 22 16
64 94 24
64 72 19
64 93 17
64 71 21
64 1 8
64 99 8
64 38 19
64 4 24
64 53 15
64 15 21
64 95 18
65 12 14
65 98 21
65 81 17
65 4 7
65 0 14
65 21 19
65 67 8
65 48 10
65 47 12
65 74 9
65 70 9
65 87 18
65 22 15
65 24 24
65 59 9
65 36 19
65 1 9
65 84 9
65 5 18
65 3 19
65 39 21
65 82 5
65 92 13
65 44 11
65 37 5
65 20 9
65 18 9
65 88 15
65 43 17
65 76 21
65 58 6
65 77 10
65 35 5
65 9 17
65 69 11
65 63 10
65 42 13
65 6 24
65 97 20
65 85 18
65 40 20
65 46 13
65 94 5
65 28 17
65 79 7
65 14 22
65 34 13
65 80 11
65 83 7
65 10 10
65 52 9
65 8 13
65 33 14
65 16 21
65 7 23
65 75 20
65 64 23
65 30 12
65 50 20
65 99 5
65 66 10
65 27 24
65 95 10
65 17 5
65 73 16
65 31 19
65 25 23
65 29 17
65 68 16
65 11 25
65 13 13
65 62 14
66 2 21
66 18 19
66 47 11
66 15 8
66 52 10
66 81 15
66 65 22
66 7 13
66 4 20
66 99 5
66 83 17
66 88 25
66 62 19
66 42 14
66 82 18
66 6 13
66 69 13
66 8 24
66 16 25
66 75 8
66 95 12
66 74 23
66 73 8
66 98 13
66 46 10
66 96 12
66 1 23
66 34 16
66 48 7
66 93 19
66 25 22
66 53 19
66 80 23
66 36 22
66 67 12
66 9 21
66 64 8
66 5 8
66 24 22
66 91 6
66 33 14
66 79 20
66 86 5
66 44 9
66 10 25
66 90 7
66 63 17
66 45 20
66 89 20
66 38 12
66 71 7
66 19 6
66 61 6
66 12 19
66 84 17
66 17 13
66 37 22
66 30 21
66 28 9
66 72 13
66 87 16
66 22 18
66 76 9
66 57 9
66 23 5
67 73 8
67 69 25
67 96 13
67 94 20
67 84 23
67 64 12
67 16 9
67 11 20
67 5 19
67 29 22
67 85 17
67 20 18
67 49 19
67 22 9
67 76 14
67 91 7
67 9 23
67 8 18
67 40 18
67 63 19
67 86 15
67 80 8
67 42 5
67 33 5
67 34 20
67 53 18
67 66 13
67 2 10
67 60 5
67 44 23
67 32 19
67 68 16
67 13 18
67 77 20
67 98 22
67 78 12
67 21 8
67 59 9
67 81 12
67 19 11
67 88 9
67 48 15
67 7 5
67 39 16
67 99 5
67 54 13
67 75 10
67 6 20
67 26 14
67 97 7
67 15 7
67 50 7
67 55 19
67 30 10
67 47 9
67 35 25
67 10 6
67 24 17
67 36 25
67 95 12
67 79 9
67 93 6
67 17 13
67 31 6
67 90 22
68 29 16
68 7 21
68 54 17
68 66 10
68 41 23
68 90 11
68 57 5
68 88 18
68 71 13
68 11 24
68 70 6
68 35 7
68 45 7
68 60 15
68 53 24
68 0 16
68 61 21
68 95 5
68 83 19
68 81 21
68 82 10
68 75 20
68 98 18
68 23 25
68 80 8
68 99 22
68 87 25
68 22 14
68 48 20
68 17 17
68 20 9
68 51 19
68 43 13
68 58 16
68 27 17
68 49 5
68 16 20
68 30 5
68 1 9
68 79 10
68 26 25
68 72 24
68 28 15
68 44 16
68 42 16
68 93 15
68 59 22
68 34 5
68 24 9
68 78 11
68 36 8
68 97 22
68 85 8
68 56 14
68 14 22
68 38 9
68 73 10
68 76 10
69 44 18
69 93 8
69 94 25
69 20 10
69 67 8
69 17 22
69 92 18
69 10 8
69 43 7
69 32 6
69 25 8
69 45 17
69 4 16
69 65 12
69 6 15
69 31 15
69 55 17
69 60 5
69 8 8
69 99 7
69 24 9
69 30 24
69 28 18
69 34 5
69 9 16
69 77 13
69 14 17
69 58 25
69 74 8
69 26 14
69 22 18
69 80 17
69 19 19
69 41 14
69 48 20
69 36 5
69 29 22
69 81 8
69 90 7
69 73 9
69 2 12
69 13 10
69 52 24
69 68 19
69 35 9
69 38 16
69 96 11
69 88 20
69 18 20
69 84 25
69 47 10
69 40 19
69 89 8
69 61 10
69 62 6
69 12 7
69 70 10
69 51 8
69 59 12
69 71 12
69 11 17
69 3 19
69 16 20
69 27 25
69 5 14
70 33 15
70 14 11
70 69 20
70 3 16
70 17 9
70 58 15
70 77 22
70 96 15
70 22 25
70 2 6
70 44 20
70 23 19
70 0 6
70 60 8
70 24 12
70 99 21
70 40 7
70 10 17
70 86 24
70 68 7
70 5 17
70 76 10
70 62 19
70 88 14
70 6 20
70 56 14
70 95 24
70 85 6
70 81 13
70 92 23
70 34 22
70 18 14
70 9 9
70 30 18
70 11 7
70 31 5
70 4 15
70 27 10
70 66 24
70 13 7
70 20 11
70 42 11
70 28 24
70 98 19
70 8 25
70 38 10
70 91 10
70 48 21
70 1 25
70 80 7
70 89 23
70 45 5
70 75 9
70 82 19
70 71 11
70 36 20
70 50 9
70 74 21
70 78 25
70 53 9
70 83 16
70 61 6
70 21 24
70 54 16
70 65 10
70 25 25
71 32 5
71 41 13
71 94 14
71 27 19
71 23 13
71 90 6
71 12 5
71 83 5
71 58 22
71 88 23
71 14 17
71 10 17
71 22 12
71 16 7
71 93 7
71 1 21
71 29 25
71 33 6
71 11 22
71 45 12
71 62 23
71 84 6
71 46 16
71 87 20
71 89 11
71 74 24
71 98 7
71 91 24
71 38 20
71 55 15
71 52 13
71 85 7
71 28 5
71 57 23
71 35 6
71 3 11
71 21 14
71 50 12
71 34 23
71 63 11
71 49 24
71 78 20
71 26 21
71 73 18
71 66 17
71 30 17
71 24 6
71 15 9
71 0 7
71 20 18
71 19 10
71 68 15
71 37 20
71 2 23
71 54 22
71 7 8
71 61 6
71 92 17
71 48 24
71 96 12
71 80 12
71 59 8
71 51 12
72 78 15
72 57 7
72 93 10
72 47 25
72 64 16
72 35 25
72 94 5
72 7 9
72 56 9
72 81 22
72 34 18
72 66 17
72 87 14
72 95 5
72 25 16
72 58 10
72 17 18
72 28 5
72 39 15
72 51 7
72 70 8
72 52 14
72 32 12
72 74 24
72 96 24
72 83 13
72 41 13
72 20 15
72 60 12
72 18 14
72 9 24
72 65 7
72 24 5
72 14 7
72 21 25
72 54 7
72 73 13
72 98 15
72 91 12
72 84 16
72 1 8
72 31 24
72 88 21
72 11 5
72 46 8
72 48 24
72 55 16
72 89 11
72 77 24
72 27 8
72 75 5
72 42 14
72 30 19
72 15 25
72 10 15
72 13 17
72 90 9
72 53 21
72 37 10
72 82 9
73 4 13
73 61 10
73 17 11
73 58 9
73 96 22
73 20 19
73 15 7
73 12 11
73 50 24
73 65 24
73 74 7
73 82 17
73 44 7
73 31 16
73 85 24
73 22 24
73 93 8
73 77 9
73 48 17
73 56 25
73 97 15
73 89 7
73 29 9
73 14 7
73 37 15
73 64 7
73 86 21
73 39 5
73 7 15
73 23 25
73 79 12
73 42 13
73 18 8
73 95 15
73 92 22
73 94 23
73 84 24
73 62 22
73 75 5
73 67 20
73 52 13
73 59 9
73 27 8
73 55 10
73 40 17
73 53 10
73 98 15
73 0 18
73 9 9
73 43 25
73 36 25
73 47 8
73 26 25
73 33 9
73 3 9
73 34 24
73 5 24
73 8 19
73 80 12
73 71 7
73 81 17
73 13 18
73 88 6
73 35 9
73 1 12
73 63 14
73 72 16
73 2 9
73 99 21
73 66 10
73 49 20
74 45 8
74 82 22
74 37 25
74 17 10
74 95 16
74 14 13
74 53 23
74 0 14
74 46 21
74 49 6
74 96 5
74 8 10
74 77 11
74 16 15
74 94 18
74 99 12
74 58 15
74 7 11
74 73 25
74 86 17
74 42 18
74 10 23
74 72 20
74 98 5
74 30 8
74 80 23
74 66 12
74 34 7
74 11 5
74 25 15
74 61 12
74 57 16
74 5 17
74 4 5
74 69 6
74 43 19
74 51 17
74 31 23
74 76 13
74 48 9
74 59 8
74 60 10
74 70 24
74 19 22
74 41 23
74 54 16
74 87 8
74 92 19
74 78 21
74 56 19
74 29 15
74 85 8
74 18 17
74 64 5
74 71 21
74 75 20
74 65 13
74 32 6
74 52 15
74 9 5
74 89 17
74 6 20
74 55 9
75 99 15
75 33 15
75 19 22
75 90 11
75 24 17
75 70 13
75 43 18
75 54 11
75 14 24
75 18 24
75 34 22
75 38 13
75 83 21
75 25 16
75 60 10
75 63 15
75 45 11
75 41 13
75 94 19
75 48 12
75 97 15
75 13 6
75 79 14
75 82 5
75 84 10
75 21 15
75 57 9
75 87 15
75 2 14
75 91 9
75 89 10
75 15 5
75 12 11
75 53 23
75 26 5
75 77 14
75 8 21
75 10 12
75 88 18
75 27 7
75 64 8
75 47 7
75 22 15
75 46 6
75 74 17
75 68 13
75 5 23
75 31 7
75 0 13
75 72 25
75 73 8
75 59 22
75 58 17
75 66 24
75 76 25
75 20 17
75 56 21
75 35 15
75 44 16
75 71 13
75 65 12
75 93 24
75 61 6
75 92 23
75 29 5
75 98 17
75 7 6
75 4 5
75 23 11
75 67 25
75 28 7
75 50 14
75 16 25
76 25 12
76 47 5
76 93 8
76 59 6
76 96 10
76 57 8
76 4 19
76 61 9
76 55 20
76 2 19
76 38 22
76 58 18
76 10 9
76 23 19
76 70 18
76 84 5
76 12 7
76 52 21
76 81 22
76 49 15
76 20 14
76 79 19
76 75 20
76 31 14
76 15 21
76 77 8
76 56 21
76 63 22
76 45 7
76 22 13
76 87 22
76 88 25
76 14 7
76 13 7
76 34 8
76 16 17
76 67 16
76 1 16
76 28 11
76 44 6
76 74 14
76 72 12
76 35 19
76 92 13
76 42 22
76 33 12
76 80 24
76 64 15
76 91 17
76 95 6
76 8 22
76 69 7
76 17 21
76 19 14
76 18 20
76 36 11
76 26 21
76 89 20
76 41 25
77 44 22
77 82 11
77 41 24
77 19 17
77 14 10
77 31 10
77 52 23
77 84 19
77 71 8
77 70 22
77 38 23
77 37 17
77 22 5
77 45 5
77 78 23
77 17 5
77 10 10
77 76 19
77 64 20
77 59 25
77 88 15
77 36 23
77 80 11
77 46 18
77 20 21
77 7 16
77 49 11
77 61 18
77 53 10
77 26 15
77 68 9
77 35 17
77 28 24
77 89 5
77 2 21
77 5 6
77 15 16
77 25 12
77 79 22
77 18 14
77 75 10
77 43 21
77 69 22
77 51 23
77 58 9
77 60 24
77 87 19
77 96 22
77 93 13
77 74 18
77 24 10
77 42 20
77 72 22
77 1 24
77 0 7
77 65 6
77 21 17
77 50 21
78 49 17
78 31 20
78 9 6
78 72 25
78 4 5
78 35 21
78 26 7
78 37 14
78 1 7
78 93 15
78 60 5
78 67 11
78 23 23
78 19 9
78 96 7
78 54 14
78 5 7
78 45 5
78 14 5
78 98 17
78 7 12
78 21 24
78 33 10
78 99 20
78 36 21
78 15 11
78 30 15
78 63 24
78 57 25
78 34 11
78 6 18
78 79 12
78 46 21
78 74 5
78 83 24
78 94 16
78 69 23
78 73 24
78 70 14
78 11 11
78 52 7
78 61 12
78 20 8
78 3 14
78 40 13
78 80 8
78 22 14
78 16 20
78 10 16
78 53 20
78 91 6
78 86 21
78 0 24
78 50 14
78 39 21
78 25 13
78 59 8
78 13 15
78 51 6
78 88 6
78 28 7
78 38 23
78 41 5
78 18 6
78 77 11
79 99 14
79 31 8
79 88 8
79 59 11
79 19 13
79 64 11
79 81 7
79 76 16
79 15 18
79 62 10
79 39 11
79 27 21
79 36 25
79 96 23
79 41 9
79 72 8
79 48 7
79 29 10
79 3 10
79 9 23
79 70 12
79 40 20
79 77 9
79 30 23
79 89 13
79 14 8
79 33 9
79 20 16
79 18 23
79 87 13
79 93 19
79 4 22
79 35 13
79 75 15
79 73 22
79 42 23
79 53 25
79 71 11
79 67 20
79 50 6
79 65 23
79 98 25
79 68 12
79 63 6
79 12 8
79 78 5
79 92 19
79 13 16
79 21 13
79 45 22
79 90 21
79 2 18
79 6 18
79 47 16
79 95 6
79 8 7
79 43 12
79 23 23
79 85 9
79 24 25
79 49 23
79 54 9
79 61 20
79 1 17
79 86 5
80 92 12
80 79 19
80 4 19
80 12 20
80 37 22
80 42 11
80 8 7
80 52 8
80 35 5
80 77 17
80 39 8
80 33 11
80 19 11
80 20 23
80 55 17
80 31 19
80 50 22
80 56 25
80 17 11
80 28 20
80 45 19
80 93 21
80 2 22
80 57 22
80 22 9
80 40 25
80 18 21
80 86 21
80 70 20
80 84 7
80 51 22
80 87 15
80 64 23
80 74 10
80 53 24
80 24 18
80 46 14
80 15 19
80 69 6
80 49 8
80 90 24
80 63 11
80 13 10
80 1 19
80 76 23
80 11 10
80 6 19
80 54 14
80 16 19
80 65 20
80 47 8
80 21 18
80 81 21
80 30 10
80 58 17
80 38 21
80 91 19
80 66 10
80 83 25
80 68 13
80 82 7
80 25 18
80 72 16
80 75 10
81 46 23
81 7 22
81 32 16
81 65 11
81 43 22
81 74 15
81 24 9
81 39 5
81 73 9
81 76 9
81 2 16
81 54 5
81 68 6
81 71 6
81 4 5
81 41 11
81 42 17
81 26 22
81 60 10
81 80 11
81 5 8
81 15 7
81 34 8
81 27 14
81 63 24
81 79 25
81 67 19
81 98 17
81 44 13
81 84 6
81 48 17
81 94 10
81 19 25
81 90 14
81 47 12
81 23 7
81 8 5
81 40 12
81 69 17
81 91 9
81 11 21
81 96 24
81 37 18
81 56 12
81 12 8
81 22 14
81 55 17
81 75 21
81 53 20
81 45 19
81 17 17
81 72 7
81 51 5
81 82 10
81 70 18
81 97 15
81 10 21
81 88 5
81 99 13
81 33 22
81 66 12
81 36 7
81 35 9
81 59 19
81 29 11
81 25 22
82 96 11
82 67 6
82 93 20
82 23 13
82 88 13
82 2 7
82 17 11
82 48 18
82 91 23
82 19 6
82 80 24
82 45 24
82 6 25
82 84 13
82 5 24
82 89 8
82 12 23
82 46 7
82 50 24
82 61 19
82 87 15
82 0 5
82 63 11
82 77 15
82 62 23
82 76 17
82 22 14
82 55 25
82 75 14
82 24 19
82 99 15
82 41 23
82 60 17
82 68 23
82 83 10
82 34 17
82 20 19
82 10 18
82 35 14
82 54 16
82 51 10
82 69 24
82 39 9
82 58 6
82 57 5
82 66 8
82 33 24
82 49 10
82 40 19
82 3 19
82 37 25
82 9 10
82 13 6
82 29 7
82 8 7
82 65 11
82 92 21
82 94 24
82 1 24
82 73 14
82 15 11
82 59 12
82 47 23
82 30 10
83 61 23
83 34 21
83 3 17
83 13 14
83 74 10
83 11 16
83 71 11
83 9 13
83 39 18
83 35 20
83 94 5
83 63 10
83 80 9
83 19 9
83 87 19
83 53 13
83 45 16
83 33 13
83 40 13
83 17 21
83 92 19
83 88 24
83 85 5
83 55 25
83 22 7
83 66 23
83 90 20
83 7 13
83 10 20
83 51 6
83 91 12
83 86 13
83 77 18
83 30 8
83 67 20
83 12 10
83 99 10
83 69 8
83 97 22
83 21 9
83 84 23
83 23 10
83 70 18
83 76 12
83 64 9
83 8 13
83 79 16
83 31 14
83 60 7
83 4 14
83 43 23
83 58 19
83 38 12
83 47 20
83 65 6
83 52 12
83 50 16
83 82 18
83 20 25
83 98 22
83 73 15
83 57 16
83 89 5
83 37 5
84 50 8
84 87 5
84 76 14
84 17 20
84 24 15
84 34 21
84 1 10
84 21 10
84 5 21
84 35 24
84 96 6
84 94 21
84 72 23
84 93 8
84 40 23
84 22 15
84 7 9
84 8 7
84 0 21
84 81 25
84 51 22
84 2 7
84 4 11
84 38 8
84 48 22
84 13 5
84 70 23
84 74 14
84 99 14
84 23 7
84 95 15
84 44 17
84 27 18
84 67 14
84 73 11
84 97 21
84 42 13
84 60 25
84 69 8
84 39 7
84 26 19
84 47 7
84 49 16
84 14 24
84 6 13
84 28 22
84 18 12
84 89 21
84 16 13
84 75 11
84 20 20
84 57 11
84 92 14
84 80 23
84 58 12
84 53 8
84 79 5
84 12 15
84 54 16
84 33 14
84 66 10
84 36 8
84 10 12
84 15 22
84 11 7
85 60 9
85 24 14
85 83 13
85 73 5
85 59 6
85 84 14
85 98 13
85 28 15
85 93 19
85 75 11
85 78 23
85 96 10
85 71 22
85 61 14
85 40 20
85 65 17
85 77 10
85 25 9
85 46 6
85 66 25
85 55 6
85 10 5
85 27 12
85 88 23
85 64 22
85 20 20
85 99 25
85 0 12
85 23 25
85 18 5
85 51 21
85 92 9
85 45 20
85 86 22
85 36 8
85 67 9
85 63 23
85 3 21
85 68 25
85 30 23
85 70 16
85 94 25
85 37 5
85 11 12
85 74 17
85 32 15
85 16 12
85 76 19
85 19 14
85 34 5
85 31 18
85 56 15
85 53 22
85 22 11
85 54 21
85 14 16
85 72 5
85 69 10
85 1 21
85 39 11
85 9 11
85 62 25
85 82 6
85 7 18
85 48 18
85 58 5
85 52 22
85 90 7
85 21 5
85 87 13
85 79 12
86 1 11
86 36 16
86 7 18
86 32 12
86 85 18
86 57 15
86 25 18
86 61 9
86 42 15
86 21 18
86 64 20
86 20 18
86 8 11
86 0 19
86 88 24
86 59 23
86 71 23
86 29 23
86 17 13
86 52 21
86 90 23
86 35 5
86 84 20
86 4 15
86 75 17
86 39 24
86 73 12
86 63 12
86 50 23
86 60 7
86 96 21
86 53 16
86 70 21
86 95 12
86 51 24
86 6 17
86 40 17
86 69 22
86 66 13
86 56 25
86 15 25
86 34 21
86 65 23
86 11 12
86 89 16
86 10 15
86 30 11
86 28 13
86 46 15
86 77 24
86 79 23
86 27 9
86 23 19
86 93 14
86 9 11
86 83 14
86 58 16
86 22 7
86 37 10
86 41 18
87 81 19
87 2 15
87 5 17
87 89 24
87 64 9
87 65 25
87 63 17
87 42 12
87 12 8
87 85 10
87 49 25
87 55 19
87 15 7
87 71 23
87 90 8
87 52 6
87 32 16
87 26 5
87 82 23
87 19 7
87 24 20
87 36 25
87 11 16
87 8 11
87 73 13
87 57 11
87 21 8
87 86 5
87 68 11
87 1 14
87 76 13
87 0 18
87 45 21
87 34 10
87 41 20
87 97 14
87 72 12
87 80 18
87 16 7
87 14 24
87 58 19
87 74 25
87 56 8
87 43 24
87 66 7
87 22 7
87 39 15
87 31 13
87 78 19
87 4 9
87 62 25
87 98 14
87 9 16
87 38 7
87 30 13
87 54 17
87 84 24
87 79 22
87 7 21
87 61 8
87 18 24
87 29 24
87 46 15
87 48 16
87 50 22
87 25 17
87 91 25
87 67 23
88 18 16
88 42 25
88 35 11
88 25 22
88 47 16
88 36 19
88 76 23
88 49 24
88 28 25
88 6 18
88 10 9
88 51 15
88 87 24
88 97 15
88 79 16
88 14 10
88 46 15
88 63 16
88 94 15
88 66 16
88 64 5
88 26 20
88 34 6
88 98 15
88 22 24
88 27 9
88 72 23
88 4 14
88 83 23
88 69 13
88 0 12
88 41 14
88 78 25
88 37 11
88 59 6
88 68 15
88 65 15
88 58 9
88 2 22
88 30 22
88 3 19
88 45 23
88 19 7
88 12 16
88 8 24
88 86 18
88 31 5
88 84 10
88 80 9
88 16 9
88 85 25
88 50 17
88 90 16
88 52 23
88 17 7
88 11 7
88 54 25
89 86 6
89 35 18
89 90 6
89 99 23
89 24 10
89 98 18
89 49 22
89 95 16
89 14 14
89 63 6
89 77 18
89 79 5
89 12 5
89 76 22
89 3 17
89 1 10
89 57 7
89 25 17
89 80 16
89 17 19
89 74 7
89 96 22
89 69 7
89 73 25
89 59 24
89 65 6
89 83 18
89 42 22
89 58 20
89 18 15
89 93 16
89 45 19
89 30 15
89 27 9
89 43 12
89 36 20
89 2 9
89 61 13
89 70 21
89 15 10
89 71 20
89 7 13
89 56 13
89 37 13
89 10 20
89 66 7
89 8 25
89 9 15
89 94 13
89 87 8
89 26 14
89 62 10
89 97 19
89 5 6
89 32 20
89 60 20
89 34 12
89 48 22
89 11 6
89 47 14
89 33 13
90 9 20
90 87 14
90 72 5
90 96 19
90 15 10
90 69 22
90 31 24
90 73 19
90 25 10
90 7 13
90 8 9
90 84 13
90 52 14
90 35 17
90 43 10
90 19 9
90 70 6
90 30 11
90 17 15
90 98 23
90 59 24
90 37 15
90 83 23
90 85 20
90 89 17
90 51 19
90 41 10
90 22 5
90 42 24
90 20 11
90 49 15
90 16 10
90 55 7
90 6 14
90 61 8
90 81 12
90 80 20
90 94 7
90 68 9
90 92 23
90 44 20
90 10 10
90 28 23
90 67 9
90 34 24
90 45 18
90 38 10
90 79 25
90 63 10
90 5 12
90 77 25
90 60 7
90 75 16
90 65 13
90 78 15
90 33 9
90 93 8
90 57 24
90 27 23
90 66 13
90 0 5
90 53 10
90 54 13
90 97 9
90 3 22
90 13 23
90 36 8
90 48 22
90 4 12
90 18 20
90 46 9
90 82 8
90 11 10
90 74 22
90 64 21
91 96 7
91 68 20
91 3 5
91 46 20
91 18 23
91 13 8
91 61 5
91 26 10
91 64 12
91 87 15
91 66 24
91 70 25
91 39 7
91 4 11
91 37 8
91 78 19
91 28 8
91 12 11
91 6 16
91 36 24
91 90 5
91 24 10
91 33 8
91 55 17
91 79 16
91 9 9
91 16 17
91 31 19
91 35 7
91 59 24
91 43 7
91 50 21
91 23 6
91 40 5
91 77 24
91 0 15
91 63 5
91 71 24
91 14 20
91 32 13
91 34 13
91 73 17
91 94 20
91 52 21
91 53 14
91 48 8
91 27 7
91 65 21
91 82 24
91 51 8
91 17 16
91 19 17
91 85 10
91 15 22
91 7 13
91 54 12
91 95 11
91 62 24
91 1 22
91 88 18
91 41 20
91 20 5
91 29 15
91 83 8
92 8 5
92 5 21
92 33 18
92 36 18
92 43 11
92 2 16
92 70 24
92 32 6
92 87 8
92 89 25
92 29 16
92 14 22
92 42 23
92 35 10
92 58 21
92 65 5
92 22 8
92 90 22
92 28 14
92 88 23
92 49 19
92 39 15
92 78 21
92 95 21
92 82 9
92 97 19
92 62 14
92 83 6
92 19 19
92 31 18
92 69 14
92 37 22
92 68 22
92 51 17
92 46 9
92 99 22
92 30 14
92 57 6
92 52 16
92 48 25
92 64 23
92 76 9
92 56 23
92 74 8
92 4 16
92 44 8
92 85 11
92 79 15
92 40 6
92 84 11
92 53 5
92 21 6
92 16 21
92 91 15
92 81 16
92 45 15
92 71 13
92 17 7
92 15 14
92 66 16
92 98 5
92 20 7
92 77 8
92 26 15
92 12 13
92 80 12
92 0 20
92 93 20
92 67 8
92 1 20
93 42 19
93 36 5
93 34 16
93 83 19
93 48 10
93 73 16
93 13 10
93 64 8
93 25 15
93 31 20
93 59 11
93 91 12
93 57 18
93 8 9
93 12 10
93 27 17
93 29 24
93 61 20
93 85 11
93 98 9
93 17 24
93 95 9
93 20 16
93 23 12
93 71 15
93 90 9
93 66 25
93 89 16
93 41 15
93 55 13
93 44 6
93 11 20
93 62 5
93 78 18
93 50 25
93 87 24
93 65 15
93 84 20
93 26 21
93 35 11
93 76 8
93 4 23
93 92 24
93 67 13
93 32 19
93 40 13
93 43 14
93 58 9
93 5 18
93 54 16
93 74 5
93 10 25
93 6 6
93 28 10
93 51 6
93 37 16
93 16 5
93 75 11
93 82 12
93 7 11
93 97 8
93 21 22
93 2 5
94 14 10
94 38 25
94 88 13
94 17 7
94 89 23
94 92 13
94 68 14
94 74 23
94 45 7
94 25 12
94 28 9
94 24 25
94 82 10
94 91 20
94 66 6
94 84 18
94 99 17
94 2 25
94 9 22
94 31 5
94 96 19
94 95 7
94 81 6
94 79 21
94 1 25
94 26 13
94 35 15
94 86 20
94 5 10
94 27 14
94 44 23
94 87 16
94 12 17
94 15 9
94 42 14
94 80 6
94 40 25
94 57 21
94 51 9
94 30 25
94 3 11
94 20 16
94 59 16
94 18 15
94 21 16
94 0 23
94 34 18
94 11 7
94 36 25
94 56 8
94 73 12
94 50 11
94 49 14
94 63 15
94 67 15
94 83 9
94 23 12
94 46 11
94 98 8
94 13 17
94 72 12
94 7 19
94 69 14
94 19 10
94 60 13
94 76 23
94 62 21
95 71 25
95 19 24
95 72 12
95 78 24
95 43 25
95 53 17
95 64 6
95 74 17
95 23 11
95 63 8
95 16 18
95 82 12
95 41 17
95 31 8
95 3 8
95 75 22
95 91 12
95 34 10
95 25 23
95 76 11
95 7 23
95 68 14
95 65 16
95 94 15
95 6 8
95 62 8
95 22 5
95 49 6
95 14 9
95 57 19
95 59 8
95 86 19
95 20 11
95 54 12
95 1 11
95 45 10
95 66 11
95 35 7
95 47 10
95 17 23
95 83 15
95 13 5
95 10 7
95 69 12
95 77 13
95 29 12
95 24 8
95 36 15
95 28 14
95 81 9
95 27 11
95 8 13
95 30 14
95 33 15
95 0 16
95 37 11
95 40 13
95 15 25
95 73 14
95 92 20
95 52 7
95 90 7
95 93 11
95 67 22
95 58 11
95 85 25
95 79 25
95 50 8
95 55 8
95 21 14
95 84 11
95 99 15
95 70 10
95 42 22
95 26 12
96 32 12
96 62 24
96 58 13
96 29 21
96 27 11
96 66 24
96 98 6
96 45 19
96 0 10
96 51 15
96 70 18
96 40 8
96 81 8
96 49 8
96 8 12
96 6 14
96 1 24
96 47 24
96 44 22
96 35 8
96 11 14
96 63 13
96 61 25
96 71 15
96 10 24
96 60 8
96 89 8
96 93 20
96 83 9
96 21 24
96 22 9
96 15 22
96 12 12
96 16 7
96 50 8
96 77 6
96 91 19
96 68 23
96 13 16
96 19 19
96 54 8
96 33 7
96 48 22
96 26 19
96 39 16
96 46 20
96 84 18
96 37 19
96 34 15
96 56 18
96 76 6
96 41 8
96 85 15
96 80 14
96 28 14
96 31 17
96 17 24
96 57 5
96 53 17
96 55 20
96 67 7
96 69 6
96 72 20
96 87 19
96 7 23
96 64 10
97 18 7
97 82 17
97 11 17
97 73 12
97 89 21
97 16 19
97 96 6
97 41 6
97 39 6
97 25 13
97 94 22
97 55 7
97 87 11
97 4 22
97 85 17
97 75 23
97 99 19
97 35 17
97 24 20
97 61 8
97 9 8
97 21 19
97 80 24
97 34 16
97 81 15
97 2 17
97 70 24
97 42 17
97 92 22
97 58 16
97 78 23
97 60 6
97 1 10
97 36 21
97 40 11
97 19 9
97 38 24
97 69 18
97 13 9
97 7 9
97 98 16
97 90 8
97 5 16
97 15 13
97 10 17
97 74 18
97 76 11
97 28 15
97 77 8
97 86 17
97 88 21
97 12 13
97 59 24
97 17 23
97 54 17
97 57 24
97 29 11
97 20 19
97 37 13
97 67 25
97 33 17
98 27 12
98 3 17
98 33 18
98 18 12
98 85 25
98 68 19
98 14 19
98 34 24
98 88 10
98 97 16
98 1 16
98 47 20
98 94 22
98 55 22
98 99 17
98 87 25
98 74 19
98 58 17
98 62 22
98 91 20
98 81 5
98 10 14
98 32 25
98 57 20
98 36 20
98 84 24
98 17 23
98 19 7
98 92 11
98 50 21
98 60 14
98 38 6
98 69 17
98 13 11
98 20 25
98 65 15
98 23 16
98 2 21
98 29 20
98 59 5
98 83 19
98 41 23
98 82 11
98 4 17
98 12 9
98 37 10
98 25 13
98 67 15
98 70 6
98 11 24
98 40 12
98 96 21
98 39 16
98 28 20
98 56 24
98 78 11
98 48 15
98 44 6
98 66 5
99 61 23
99 74 17
99 26 20
99 95 8
99 52 6
99 53 6
99 83 14
99 96 14
99 18 9
99 24 14
99 38 16
99 58 24
99 29 15
99 3 12
99 48 8
99 5 12
99 49 20
99 60 19
99 16 6
99 6 13
99 42 11
99 17 21
99 13 10
99 80 20
99 22 19
99 37 22
99 91 10
99 31 12
99 63 23
99 78 16
99 21 22
99 7 21
99 44 8
99 50 8
99 82 14
99 41 6
99 64 17
99 27 25
99 75 19
99 4 15
99 8 8
99 23 9
99 12 5
99 81 9
99 30 23
99 87 22
99 25 6
99 77 17
99 35 11
99 47 25
99 93 23
99 79 19
99 40 25
99 98 8
99 57 24
99 32 25
99 2 7
99 56 7
99 46 9
99 89 11
99 20 11
99 66 13
99 73 18
99 9 13
99 1 6
99 0 24
99 51 23
99 76 16
99 71 16
99 62 7
99 84 12
99 88 24
99 92 13
