100 233 6 48
0 87 12
0 55 17
1 61 18
1 85 22
1 47 23
2 18 5
2 57 11
3 22 15
3 46 5
3 93 14
3 64 21
4 8 10
4 75 5
5 71 20
5 78 25
5 60 21
6 40 12
6 98 14
6 81 22
6 77 8
6 48 11
7 74 25
8 64 25
8 23 22
8 71 16
8 17 14
8 60 24
9 16 15
10 99 12
10 92 18
11 92 10
11 37 21
11 96 21
11 81 24
12 8 24
12 45 24
13 70 14
14 51 8
14 41 20
15 7 12
15 31 17
15 46 7
16 35 24
16 8 21
16 46 7
17 39 17
17 89 13
17 99 21
17 53 14
18 40 13
19 84 12
19 25 20
20 96 10
20 38 25
21 57 6
21 78 23
21 67 7
22 85 21
22 50 11
23 9 21
23 11 7
23 50 20
23 70 15
23 32 11
24 85 21
24 78 7
25 28 20
26 91 13
27 51 24
28 98 6
28 36 13
28 62 19
29 21 21
29 30 20
29 34 23
29 54 8
29 87 19
30 9 11
30 56 16
30 3 15
31 46 9
31 23 7
31 18 13
31 25 6
32 43 18
32 6 9
33 75 24
33 6 12
36 58 8
36 79 17
36 4 6
36 80 16
37 49 12
37 10 21
37 38 22
38 79 12
39 99 24
39 12 15
40 9 25
40 50 5
41 38 14
42 10 16
42 54 18
42 36 15
42 59 25
43 52 7
43 6 22
43 69 22
43 56 18
43 49 10
44 69 22
44 33 18
44 53 7
44 71 22
45 48 20
46 77 5
46 42 21
47 81 18
47 5 19
47 85 23
48 15 17
48 21 16
48 49 11
49 10 20
49 58 13
50 88 22
50 81 23
50 64 25
51 21 9
52 64 25
52 46 15
54 13 6
56 93 23
56 9 9
56 22 13
57 48 7
57 83 6
57 66 15
59 48 21
59 91 23
59 79 10
60 43 17
60 30 5
61 82 7
61 47 9
62 5 10
64 81 10
64 17 21
64 48 8
65 54 7
65 45 22
65 47 18
67 48 15
67 76 14
67 41 6
68 77 7
68 6 12
68 61 23
69 33 12
69 81 5
69 45 18
69 91 12
70 7 17
70 74 9
70 23 10
70 12 25
70 5 6
70 59 18
71 0 13
71 86 22
71 61 17
72 34 13
73 50 6
74 47 12
74 99 11
75 64 14
75 69 20
75 16 24
75 48 19
76 14 12
76 4 6
77 75 14
77 55 16
77 18 12
78 44 17
79 17 5
80 1 22
80 62 18
80 32 5
81 32 7
82 42 18
82 96 10
83 91 7
84 22 23
84 54 22
85 26 20
85 28 14
85 62 18
86 80 12
86 31 14
86 93 21
86 40 13
87 79 15
87 73 20
87 14 16
88 74 25
90 54 16
90 75 16
90 76 25
90 43 7
91 48 15
92 2 24
92 52 12
93 66 18
93 5 14
93 3 15
93 0 21
94 26 8
94 12 17
95 76 8
95 2 9
96 57 18
96 60 20
96 25 25
96 85 10
97 73 14
97 56 15
97 27 7
98 71 22
98 97 14
99 81 17
99 35 24
99 30 19
