1000 2850 98 542
0 518 11
0 766 6
0 54 5
0 287 12
0 763 18
1 712 15
1 400 11
2 275 17
3 764 18
3 108 11
3 269 7
3 283 20
4 152 9
5 61 16
6 999 15
6 732 11
6 865 16
7 560 14
7 899 5
8 479 16
9 993 7
9 549 20
9 982 22
10 581 12
10 501 17
10 702 7
11 232 6
11 313 13
11 680 11
12 165 21
12 683 8
12 636 10
13 913 5
13 701 15
13 46 12
13 602 17
13 1 18
14 580 20
14 696 15
14 299 5
14 664 19
14 210 12
15 179 14
15 729 16
15 27 9
15 592 17
16 547 8
16 888 5
16 918 22
16 849 22
16 281 9
17 982 14
17 260 22
18 712 9
18 749 23
18 354 9
18 843 8
19 706 23
19 341 9
20 553 13
20 825 19
20 745 8
20 250 22
20 997 6
20 312 23
20 693 23
21 112 5
21 756 16
22 38 16
22 263 6
22 657 23
23 833 14
23 284 25
24 238 6
25 637 25
25 209 22
26 34 18
26 871 9
26 830 6
26 937 19
26 683 11
27 563 17
27 878 8
27 163 20
27 819 7
27 988 18
27 991 8
28 546 12
28 155 9
28 569 22
28 715 9
28 945 17
28 23 5
29 683 6
29 185 20
29 144 5
29 525 19
30 981 21
30 591 6
30 55 8
31 553 7
31 459 24
31 649 12
32 502 23
32 841 23
32 338 22
33 215 19
33 980 21
35 633 19
35 457 19
35 756 14
35 732 17
36 823 14
36 190 12
37 27 19
37 600 12
38 146 19
38 255 23
39 976 9
40 186 7
40 682 24
40 688 22
41 840 5
41 815 18
41 22 9
42 726 13
43 489 15
43 209 9
44 589 8
44 893 15
44 409 10
45 965 13
45 546 19
46 129 9
46 164 24
46 293 23
46 989 15
47 29 16
47 449 25
47 240 7
47 795 23
47 156 23
48 117 11
48 438 11
48 467 16
49 707 11
49 643 21
50 620 11
51 455 18
51 506 15
51 314 17
51 202 19
51 876 9
52 445 20
53 882 17
53 52 11
54 629 21
54 210 12
54 592 16
54 377 22
55 467 19
55 288 6
55 20 16
55 304 21
56 278 19
56 486 6
56 224 6
56 640 18
56 344 23
56 889 11
56 977 10
57 303 14
57 143 7
58 927 10
58 221 7
59 235 10
60 247 24
60 436 7
60 705 15
61 749 9
62 840 10
62 445 10
63 908 11
63 78 5
64 263 18
64 150 25
65 42 12
65 428 5
65 947 24
66 468 16
66 732 6
66 304 22
66 922 13
66 776 22
66 595 16
66 13 17
66 761 21
66 245 23
67 742 16
67 615 24
67 592 5
67 511 9
67 537 11
67 374 22
68 693 12
70 686 17
70 755 9
71 297 7
71 438 11
72 785 19
72 881 16
73 517 9
73 353 16
73 935 15
74 484 22
74 121 9
74 916 5
74 547 13
74 362 16
74 34 25
75 904 22
75 541 18
75 162 19
76 96 25
76 77 11
76 821 9
76 995 15
76 260 13
77 102 23
77 85 21
77 971 20
77 377 19
78 978 11
78 322 5
78 903 7
79 302 11
79 818 23
79 573 6
79 167 11
80 926 19
80 798 11
80 135 22
80 831 18
81 288 14
81 21 21
81 53 20
81 39 21
81 305 11
82 399 14
82 914 16
82 915 11
82 13 23
82 163 6
82 975 24
82 260 12
83 462 18
83 480 21
83 530 20
83 48 16
83 122 18
83 829 17
83 993 9
84 574 22
84 584 11
84 395 8
84 204 18
85 492 8
85 736 18
85 273 18
85 488 6
85 97 12
86 242 16
86 573 17
86 770 15
87 125 6
88 752 10
88 729 23
88 864 22
88 27 7
88 454 17
88 624 9
89 19 20
89 249 17
89 148 5
89 408 20
89 169 18
89 230 6
90 680 20
90 86 25
90 126 9
90 926 12
90 245 11
90 723 12
90 476 7
91 323 9
91 785 5
92 798 18
93 721 11
93 212 25
93 334 14
94 694 10
95 29 6
95 850 22
95 512 10
95 912 9
95 44 14
95 415 23
96 388 8
96 978 25
96 374 16
96 955 11
98 891 6
98 609 12
98 635 8
98 600 15
98 728 11
99 221 21
99 217 23
99 569 19
100 388 18
100 436 14
100 1 16
100 632 17
101 921 13
101 267 13
101 200 12
101 446 14
102 144 6
102 625 17
102 687 19
103 998 14
103 230 6
104 289 15
104 421 7
104 571 5
105 869 13
105 416 8
106 796 16
106 622 25
106 749 22
107 444 23
107 628 10
107 284 23
108 747 11
108 686 23
109 183 14
110 271 11
110 842 18
111 803 15
111 246 21
111 923 15
111 631 19
112 960 10
112 630 25
113 410 17
113 128 17
113 604 15
114 956 8
114 717 21
115 850 16
115 411 11
115 191 19
115 130 21
116 905 19
116 855 9
116 49 14
116 997 9
116 883 9
117 276 19
118 499 25
118 538 18
118 121 8
119 714 12
120 833 14
120 557 23
121 823 20
122 105 8
122 299 21
122 206 17
123 377 9
123 568 20
124 341 15
124 773 12
124 961 16
124 301 7
124 331 15
125 128 21
125 134 22
125 142 8
126 122 20
126 328 22
126 266 24
126 456 14
126 918 11
127 339 25
127 755 16
127 351 22
128 918 24
128 195 6
128 946 24
128 715 14
128 782 11
129 640 22
130 260 7
130 678 25
130 981 11
130 967 21
130 802 16
130 668 6
131 754 10
131 914 23
131 764 16
132 723 8
132 879 10
132 480 17
133 832 15
133 642 17
133 63 11
134 395 20
134 317 22
135 187 12
135 586 13
136 454 5
137 53 7
137 429 22
138 14 22
138 510 21
138 823 8
139 315 9
139 0 13
139 808 16
139 241 22
140 336 5
140 479 15
141 782 5
141 245 6
141 492 18
141 348 15
142 568 13
143 103 22
143 902 21
143 880 14
143 34 23
144 730 9
144 309 22
145 31 14
145 823 19
145 238 8
145 213 23
145 199 18
146 396 15
146 973 13
146 416 22
146 244 9
146 564 11
146 420 23
147 50 15
147 627 23
148 608 17
148 600 21
149 567 11
149 593 23
150 775 17
150 186 19
150 55 21
150 459 23
151 844 12
151 346 25
151 107 20
151 366 14
152 512 24
152 912 18
153 509 7
153 864 16
153 441 22
153 46 18
153 403 18
153 801 11
154 670 9
154 621 10
154 132 13
154 887 12
155 456 13
155 176 25
155 980 18
155 891 13
155 790 10
155 811 7
156 874 7
156 574 10
157 251 23
157 21 23
158 185 10
158 510 6
159 585 9
159 206 11
159 958 18
160 850 8
160 400 6
160 495 12
161 174 19
161 4 9
161 188 10
161 138 15
161 477 11
161 488 22
162 425 24
162 630 21
162 101 15
162 193 16
162 589 6
163 861 10
163 931 19
163 199 24
163 857 9
163 883 24
163 411 24
164 512 19
165 726 20
166 342 6
166 978 6
166 965 8
166 533 24
166 628 11
166 345 16
167 156 8
167 172 17
167 28 10
167 745 21
168 506 16
168 499 8
169 940 9
169 360 17
170 16 22
171 437 7
171 276 21
172 940 5
172 975 18
173 119 25
173 651 5
173 227 18
174 395 15
174 135 13
174 578 13
174 455 12
175 577 24
175 408 11
175 958 23
175 542 14
176 840 16
176 19 23
176 692 12
176 873 14
177 26 23
177 190 17
178 487 9
178 382 14
178 959 19
178 595 5
179 172 13
180 774 13
181 479 22
181 707 18
181 239 6
181 644 23
182 637 21
182 331 5
183 750 8
183 575 14
183 974 12
184 400 10
184 953 16
184 830 13
184 282 14
184 81 18
186 22 9
186 959 17
187 515 24
187 732 9
187 853 13
187 687 10
187 660 23
187 750 14
187 220 18
189 193 21
189 412 20
190 531 23
190 873 18
191 570 15
191 959 15
191 423 10
191 707 16
191 883 25
192 638 15
192 767 11
192 650 19
192 953 23
192 479 6
192 62 11
193 659 5
194 398 22
195 845 8
196 649 15
196 65 19
197 694 17
197 742 13
198 743 9
198 742 15
199 42 12
200 798 23
200 693 8
200 90 15
200 817 7
200 577 9
200 95 14
201 583 18
201 91 10
201 701 7
202 337 17
202 722 15
202 359 10
203 534 8
203 522 5
203 901 24
203 381 22
204 307 14
204 579 14
204 228 12
204 991 10
205 570 6
205 91 14
205 145 12
205 120 9
206 995 24
207 139 21
207 969 17
207 801 17
207 256 20
208 170 15
208 736 23
208 455 13
208 36 24
209 11 18
210 710 22
210 750 10
210 759 17
211 106 16
211 623 13
212 999 6
212 632 5
213 412 25
214 521 17
214 120 23
215 424 18
215 340 13
215 374 11
215 241 20
216 658 19
217 628 6
217 586 5
217 91 12
218 310 16
218 857 5
218 777 20
219 611 11
219 147 24
219 786 17
219 501 22
220 172 16
220 335 18
220 991 9
221 694 15
221 511 20
221 335 17
221 810 6
221 4 22
222 302 23
222 259 18
222 667 7
223 951 9
224 480 16
225 489 5
225 356 13
225 228 23
225 855 13
226 610 24
226 208 13
227 973 16
227 557 15
227 964 9
227 571 20
227 111 12
228 805 8
229 173 25
229 114 19
230 504 21
230 359 19
230 975 18
230 987 21
231 943 8
231 127 17
231 560 24
231 137 16
232 301 5
232 69 10
232 590 13
233 750 6
233 95 14
233 372 14
233 168 18
233 230 17
234 560 6
234 852 6
234 364 7
234 243 16
236 729 17
236 23 17
236 515 5
236 421 16
237 836 17
237 326 23
237 798 13
237 544 25
239 74 6
240 22 10
240 638 9
241 223 17
241 884 10
241 874 14
241 284 8
243 229 19
243 985 18
243 943 14
243 398 21
244 806 17
244 855 22
244 763 21
244 997 25
245 761 24
246 841 14
246 3 18
246 750 10
246 28 25
246 95 21
246 858 9
246 549 8
246 32 19
247 866 25
247 726 15
247 687 21
247 928 24
247 103 23
248 225 13
248 292 14
248 870 24
248 263 7
248 795 9
248 43 25
249 403 12
249 497 21
249 207 14
250 174 5
250 356 23
250 528 7
251 824 16
251 343 18
251 5 24
251 731 11
252 870 12
252 681 12
252 453 10
253 724 6
253 786 7
253 262 5
254 140 17
254 645 11
254 659 17
254 729 15
255 454 17
255 620 8
256 936 17
257 920 15
257 213 23
257 170 15
257 344 15
258 871 18
258 873 18
259 237 6
259 449 13
259 44 21
260 44 11
260 787 12
261 574 21
261 851 9
261 337 10
261 956 16
262 799 14
262 349 13
263 122 14
264 436 5
265 972 21
266 108 5
266 186 20
266 445 20
266 664 13
267 101 14
267 684 15
268 781 25
269 209 14
269 977 20
270 755 13
270 275 25
271 649 15
271 388 23
271 380 18
272 465 20
273 753 23
273 752 6
273 578 9
273 981 18
274 41 22
275 918 20
276 969 25
276 156 24
276 305 15
276 850 12
277 492 10
277 12 18
277 104 7
277 17 19
278 795 23
278 22 7
279 365 23
279 521 15
281 578 18
281 415 20
281 804 7
282 170 9
282 125 21
282 38 22
282 995 17
282 453 21
283 507 5
283 360 20
283 754 8
283 538 25
283 226 8
284 800 22
284 817 10
284 419 5
285 788 17
285 972 17
286 717 24
286 938 17
286 94 8
286 300 25
286 418 5
286 890 25
287 665 12
287 723 10
287 460 9
288 710 17
288 224 17
288 711 15
288 222 19
288 736 7
289 470 8
289 426 10
290 628 9
290 305 18
291 210 18
292 222 18
293 274 19
293 731 18
293 253 8
294 742 17
294 349 15
295 731 5
295 573 21
295 792 5
295 544 14
295 549 10
295 716 20
295 742 8
295 904 13
296 898 11
297 63 20
297 872 11
298 371 6
298 922 10
298 644 5
299 316 22
299 322 13
299 671 20
300 467 19
300 751 14
301 353 9
302 726 10
302 659 13
302 262 18
302 548 6
302 586 24
304 986 12
304 814 24
305 650 10
305 172 9
305 755 11
305 331 25
306 406 15
306 300 23
306 149 15
307 365 15
307 463 19
307 394 11
307 187 12
307 268 22
308 877 24
308 354 25
308 380 18
309 41 7
309 280 12
309 910 16
310 761 13
310 383 13
310 125 13
310 985 23
310 333 13
310 449 23
311 460 10
312 628 22
312 662 18
312 184 13
312 360 24
313 903 22
313 870 24
314 80 21
315 657 20
315 730 9
315 830 5
315 930 7
316 416 6
316 647 18
317 917 13
317 643 13
317 323 12
318 569 13
318 251 15
319 752 8
319 810 10
319 103 24
320 330 7
321 836 17
322 933 20
322 678 15
322 471 6
323 840 15
323 980 18
323 413 12
323 28 18
324 596 17
325 698 8
325 898 10
325 288 11
325 689 17
326 848 5
326 479 19
328 334 21
328 489 18
329 289 17
329 835 5
329 184 23
329 429 6
330 282 10
330 380 11
330 511 5
330 535 14
331 860 15
331 245 10
331 429 7
331 506 11
332 600 23
333 934 11
333 386 14
333 787 16
333 458 13
333 58 19
333 412 18
334 86 6
334 956 14
334 402 18
334 966 7
334 300 10
335 252 19
335 678 17
335 217 19
335 19 23
336 919 10
336 145 18
336 761 19
336 758 19
336 136 18
337 852 7
338 101 20
339 976 7
339 328 20
339 672 13
339 254 18
340 199 15
340 848 24
340 638 15
340 477 22
340 570 10
340 149 10
341 706 15
341 801 9
341 588 21
341 567 11
342 629 8
342 833 17
343 119 7
343 81 8
343 833 13
343 730 21
343 41 6
344 159 10
344 582 7
344 909 13
344 847 16
345 626 25
345 347 9
345 543 6
346 337 5
346 544 20
346 0 18
347 571 23
347 370 16
347 472 12
348 94 9
348 282 25
349 754 17
349 487 13
349 318 23
349 157 25
349 631 10
349 965 20
350 65 12
350 53 16
351 409 14
352 618 15
353 211 16
353 581 18
354 752 14
354 264 19
354 610 18
354 394 7
355 782 15
356 876 22
356 515 22
356 853 13
357 477 6
357 413 23
357 219 10
357 447 22
358 615 9
358 181 9
358 606 25
359 132 10
359 226 18
359 636 14
359 739 19
359 901 10
360 279 19
360 443 19
361 873 18
362 946 23
362 959 6
362 751 6
362 258 6
363 966 23
363 762 24
364 695 19
365 993 19
365 572 15
366 452 24
366 939 20
367 122 18
367 644 12
367 260 14
367 840 18
368 387 6
368 177 22
368 119 15
368 341 23
369 789 21
369 297 7
370 413 7
370 270 8
371 43 6
371 994 7
371 434 19
372 641 12
372 596 25
373 983 23
373 229 14
375 34 24
375 655 6
376 564 22
377 339 7
377 251 13
377 178 16
377 626 17
377 789 20
377 594 21
378 432 22
378 290 6
378 492 14
379 64 25
380 363 13
381 104 13
381 829 5
381 569 23
381 899 15
381 621 14
383 543 21
383 785 10
384 239 9
384 603 25
384 560 15
384 923 15
384 344 15
384 557 16
385 369 16
386 829 13
386 977 15
386 104 15
386 500 11
386 548 15
388 971 11
389 403 25
389 535 23
389 827 11
390 582 20
390 264 13
391 959 15
391 634 16
391 6 7
392 861 13
392 93 22
392 692 10
392 931 25
393 360 18
394 303 10
394 631 22
394 893 17
394 335 17
395 857 14
395 443 14
395 114 25
396 832 11
396 643 25
396 845 10
398 984 25
398 88 16
399 221 13
399 765 22
399 565 25
400 27 14
400 485 25
400 231 8
400 694 18
400 914 7
401 666 18
401 920 24
402 476 21
402 973 23
402 821 12
402 847 19
402 768 23
403 948 20
403 870 16
403 226 18
403 905 24
403 194 16
404 298 19
404 734 8
405 440 12
405 217 19
406 255 23
406 265 22
406 104 23
406 16 13
406 150 18
407 870 14
407 195 11
407 893 23
407 376 18
408 322 17
408 730 22
409 618 8
409 909 13
409 784 19
409 657 13
409 82 20
409 727 25
410 736 6
411 790 17
411 439 6
411 494 8
412 716 17
412 237 17
412 126 22
412 197 18
412 656 11
412 884 8
413 216 12
413 749 17
414 71 18
414 794 8
414 595 23
414 171 24
414 91 8
414 231 16
415 529 18
416 87 24
416 205 11
416 701 12
416 31 20
417 179 14
417 515 11
417 87 25
418 975 15
418 674 7
418 977 9
418 849 10
418 39 5
419 366 12
419 861 12
420 560 20
421 778 22
421 869 22
421 395 20
423 927 25
423 552 7
423 89 17
424 542 11
424 184 20
424 120 21
424 230 14
425 493 21
425 499 23
425 542 8
426 582 6
426 592 12
427 753 9
429 66 17
429 165 18
430 949 15
430 745 12
430 323 17
430 32 10
431 851 21
431 771 19
431 573 18
432 916 16
432 270 17
432 321 21
433 118 19
433 554 12
433 642 17
434 610 21
434 654 17
435 876 24
435 637 20
435 397 15
436 792 10
438 781 11
438 258 14
438 157 8
439 62 6
440 540 25
440 982 25
440 197 24
441 197 18
441 734 21
441 619 11
442 352 24
442 345 11
443 977 20
444 695 24
445 851 17
445 772 13
445 242 14
445 665 16
446 408 19
446 883 6
446 498 15
447 167 11
447 268 19
447 123 5
447 886 12
448 924 13
448 414 17
448 672 25
448 89 6
449 69 23
449 982 15
450 202 7
450 713 15
452 328 17
452 717 8
453 915 22
453 540 6
454 189 19
454 360 7
457 319 9
457 786 13
457 969 13
458 201 7
458 992 22
458 517 11
459 837 11
459 947 5
459 43 18
459 262 25
459 653 12
460 802 5
461 385 6
461 77 20
461 895 13
462 889 16
463 200 23
463 106 18
463 942 20
464 578 23
465 337 24
465 504 21
466 990 12
467 131 8
467 262 8
467 250 14
468 281 13
468 866 20
468 597 22
469 74 25
469 69 15
469 925 13
470 609 23
470 997 14
470 514 16
470 440 8
470 86 7
470 381 11
470 755 13
470 559 5
471 960 21
471 996 19
471 428 9
472 788 16
472 980 15
472 645 13
472 496 10
473 417 5
473 258 7
473 216 12
474 646 7
474 132 5
474 85 14
475 416 15
475 732 13
475 925 20
475 437 13
476 117 15
476 736 6
476 799 18
476 886 14
477 841 5
477 572 6
477 263 25
477 108 14
477 213 10
477 76 23
478 351 25
478 276 8
478 32 18
479 604 23
479 372 25
480 817 7
480 177 21
480 944 25
481 371 25
481 321 17
481 617 9
481 739 9
482 829 5
482 907 19
482 465 18
483 550 20
483 740 24
483 596 13
484 595 21
484 415 21
484 517 10
484 518 19
484 716 11
485 358 7
485 167 19
486 381 24
486 649 18
486 297 23
486 35 24
486 568 9
487 875 7
488 65 13
488 52 13
489 321 13
489 906 17
489 667 24
491 251 23
493 66 25
493 899 24
493 774 25
494 866 20
494 978 24
495 931 25
496 629 6
496 86 16
497 94 5
497 803 24
497 801 14
497 424 14
498 756 22
499 318 23
499 707 19
499 516 11
500 452 19
500 949 22
500 508 19
500 637 22
500 54 7
500 858 8
500 573 20
501 35 24
501 123 14
501 970 9
501 566 18
501 490 9
502 112 21
502 405 9
502 218 7
503 248 7
504 263 7
504 572 5
504 905 20
505 455 16
505 52 7
505 930 23
505 478 7
506 435 15
506 625 15
507 827 5
508 848 20
508 53 7
508 185 10
510 78 10
510 94 9
510 452 19
510 12 19
510 168 10
511 12 17
512 45 8
512 228 13
512 178 6
512 252 6
512 970 8
513 417 19
513 428 18
513 571 10
513 366 24
514 953 22
514 921 5
514 244 20
514 972 6
514 715 22
515 534 17
515 793 17
516 413 12
517 301 10
517 391 13
517 228 12
517 85 6
517 506 10
518 582 19
518 253 20
518 761 19
518 602 25
519 837 16
519 108 24
519 879 10
520 726 21
520 908 7
520 328 12
521 649 15
521 619 24
522 557 25
523 604 5
524 551 13
525 317 21
525 746 17
526 300 11
526 492 18
527 459 12
527 41 19
528 542 25
529 743 16
530 117 17
530 351 11
530 365 22
531 328 10
531 708 11
531 54 25
531 572 13
532 13 16
532 104 23
532 686 16
532 110 13
532 90 14
534 830 10
534 131 14
534 555 14
534 980 5
534 444 17
535 257 7
535 676 10
536 170 25
537 605 9
537 151 18
537 749 24
537 260 6
537 108 9
539 249 10
539 774 14
539 811 17
539 762 24
539 742 7
540 666 19
541 474 10
541 407 16
542 724 5
542 576 10
542 9 19
543 599 17
543 604 7
543 580 18
543 548 21
543 386 15
544 75 10
544 310 19
544 639 5
544 501 23
545 588 9
545 945 24
545 908 16
546 774 17
546 255 10
546 237 10
547 653 20
547 446 11
548 757 12
548 627 7
548 432 14
549 246 13
550 189 9
550 625 18
550 963 24
551 101 13
551 715 25
552 635 10
552 724 12
552 246 21
552 127 11
553 371 18
553 758 23
554 543 6
554 739 8
554 625 20
554 70 13
555 551 21
557 303 9
557 846 11
557 795 23
558 762 25
558 576 15
559 888 21
560 681 17
561 887 6
561 549 10
561 470 18
562 703 24
562 265 12
562 758 12
563 899 14
563 946 11
564 455 13
565 756 19
565 464 5
565 664 10
566 721 5
566 337 24
566 202 11
566 418 23
566 245 11
566 223 17
567 943 20
568 570 5
568 520 6
569 897 6
569 402 14
569 100 9
570 791 24
570 143 20
570 450 9
571 335 23
571 100 22
572 117 19
572 716 7
572 446 9
573 890 22
573 583 13
574 371 6
574 241 23
574 833 13
575 976 18
575 522 24
575 627 14
575 933 11
575 870 24
576 850 12
577 181 13
577 458 16
577 673 7
578 763 5
579 739 22
580 354 9
580 138 21
580 226 24
580 756 22
580 35 12
581 441 21
582 185 15
583 481 16
583 342 12
583 48 8
584 203 17
585 463 22
585 268 17
585 261 15
586 420 8
586 111 15
586 977 5
586 865 25
586 15 13
587 204 8
587 409 9
587 791 6
588 842 10
588 447 12
588 532 7
588 27 24
588 996 6
588 665 25
589 386 8
589 534 15
589 89 25
590 768 17
590 524 14
590 631 22
591 405 11
591 974 15
591 141 15
591 61 10
591 892 6
591 804 6
592 401 12
592 475 20
592 457 20
593 822 6
593 74 15
594 659 7
595 713 16
596 884 11
597 884 11
597 339 10
597 32 11
598 321 6
598 266 18
599 742 19
600 538 9
600 893 13
601 728 6
601 970 10
602 124 16
602 277 10
603 85 12
603 706 6
603 627 5
603 128 12
604 163 25
605 934 24
605 817 21
605 317 15
606 389 8
606 447 21
606 659 11
606 602 16
607 934 15
607 726 16
608 483 15
608 423 6
608 533 15
609 228 18
609 671 25
610 541 18
610 467 10
610 349 23
610 825 18
611 196 12
611 770 23
611 947 11
611 663 18
611 101 14
613 316 24
613 805 19
613 360 23
613 23 23
614 648 14
615 442 21
615 352 17
617 542 21
617 102 14
617 804 15
618 989 12
618 858 10
618 616 18
618 493 18
619 441 19
619 156 5
620 233 5
620 790 9
620 204 19
621 603 13
621 618 13
622 992 16
622 663 7
622 9 23
623 14 15
623 850 16
624 829 17
624 647 17
624 783 17
625 620 14
625 871 5
625 490 17
625 632 17
625 812 15
626 106 16
626 988 21
626 776 16
626 608 13
627 814 20
627 86 19
628 148 17
628 939 19
628 267 12
629 476 25
629 356 18
629 901 7
629 912 23
629 522 11
630 125 6
630 213 15
630 132 11
631 496 21
632 23 19
632 431 10
632 628 24
632 244 5
632 754 24
633 506 22
633 161 12
634 838 25
635 820 19
635 926 12
635 343 20
636 223 5
636 902 8
637 211 25
637 462 20
638 390 19
638 25 11
638 253 5
638 2 8
639 207 21
639 440 18
640 571 14
640 940 9
640 925 16
640 79 14
640 375 23
641 818 14
641 613 9
642 55 17
642 185 22
642 499 20
642 925 14
642 232 8
643 617 18
644 323 15
644 939 25
645 410 13
645 754 10
646 684 14
646 612 11
646 931 19
646 940 19
646 730 5
647 465 6
647 922 14
648 475 12
648 693 13
649 396 23
650 631 12
650 332 17
650 120 20
651 635 9
651 607 10
651 988 17
651 951 8
651 628 12
652 904 12
652 890 14
653 307 17
654 41 7
654 486 16
654 304 9
654 390 24
655 98 19
655 373 15
655 172 20
656 579 20
656 723 18
656 335 7
656 257 12
656 789 21
656 37 22
657 456 22
657 828 5
657 770 6
657 206 13
657 789 13
657 248 25
657 370 16
658 217 22
658 64 21
658 120 12
658 440 15
659 44 7
659 792 8
659 711 18
659 190 21
660 868 7
660 194 14
662 470 21
662 885 7
662 233 12
662 758 12
663 707 6
663 725 12
663 203 11
664 621 11
664 802 5
665 389 15
665 816 20
665 162 11
666 770 11
666 145 20
666 650 9
667 604 9
667 295 22
667 847 24
667 969 7
668 785 9
669 741 25
669 14 20
670 488 25
670 824 7
670 809 9
672 563 16
672 110 25
673 904 20
673 353 17
673 330 21
673 180 13
674 390 6
675 453 5
675 733 15
675 237 19
676 943 7
676 837 12
676 295 16
677 921 18
678 394 7
678 259 8
679 72 10
679 349 18
679 895 5
679 407 6
679 650 7
680 366 19
682 176 5
682 792 25
682 80 20
683 706 10
683 457 24
683 440 19
683 639 16
683 727 13
684 185 19
684 235 12
684 511 25
685 606 17
685 228 7
686 630 15
687 230 25
687 420 7
687 476 19
688 371 12
688 24 19
689 783 17
689 747 23
689 952 7
690 447 14
690 824 5
691 376 23
692 376 12
693 81 23
693 181 11
693 947 24
694 311 18
694 268 9
694 551 8
694 43 13
695 743 6
695 493 11
696 179 19
696 540 15
696 123 15
696 481 19
697 452 17
697 982 12
698 468 16
698 774 21
698 758 8
699 719 19
699 354 10
700 211 13
700 535 24
700 23 22
700 925 13
701 618 9
701 421 16
701 476 15
701 426 12
702 37 25
702 277 21
702 440 14
702 570 9
703 390 11
703 278 6
704 147 18
704 31 24
705 121 17
705 817 13
705 947 23
705 276 14
706 687 16
706 155 17
706 623 20
706 51 17
706 115 13
707 618 25
707 703 8
708 755 25
708 495 13
708 23 13
708 768 13
708 905 20
708 771 18
709 510 7
709 376 18
709 613 5
710 836 10
710 200 15
710 610 21
710 18 10
710 609 13
711 730 24
711 6 8
711 171 22
711 212 6
711 716 22
711 131 8
711 672 21
711 428 24
712 206 13
712 952 18
712 985 18
712 680 16
712 781 24
713 843 16
713 49 17
713 130 20
713 481 15
713 78 22
714 659 23
714 93 8
715 487 14
715 308 15
715 240 21
715 445 11
716 989 13
716 245 6
716 758 20
716 666 11
716 475 24
716 804 23
717 744 13
717 670 13
718 593 8
718 496 19
718 302 21
718 75 12
719 354 24
719 738 7
720 774 11
720 761 13
720 378 16
721 643 25
721 997 17
722 531 20
722 21 13
722 703 12
723 318 15
724 933 18
725 52 18
725 746 10
725 420 23
726 645 19
726 463 25
726 591 7
727 170 15
727 138 19
727 969 15
728 47 21
728 492 7
728 922 16
728 70 19
728 366 14
729 692 19
729 982 25
730 382 15
730 365 19
731 769 24
731 793 18
731 900 5
731 636 19
731 681 24
732 62 18
732 171 9
732 467 12
732 880 5
732 175 25
735 664 23
737 420 11
737 650 11
739 849 24
739 888 10
739 464 19
740 514 24
740 607 25
741 748 16
742 958 25
743 30 23
743 195 6
743 570 16
743 264 21
743 702 10
743 637 8
743 174 5
744 960 20
744 12 24
744 422 22
745 947 9
745 469 16
745 908 18
745 807 17
746 114 8
746 60 13
746 454 23
746 998 21
747 560 22
747 300 16
747 910 12
747 589 18
747 325 12
748 852 25
750 416 25
750 682 20
750 557 16
750 466 23
750 676 13
752 159 22
752 578 14
752 141 16
753 643 7
753 882 12
754 369 22
754 278 21
754 423 20
755 285 15
755 2 7
755 138 25
755 868 5
755 855 13
756 301 18
756 991 6
756 577 7
756 937 20
756 527 21
756 89 17
758 397 25
758 523 21
758 725 11
758 983 14
759 676 20
760 611 10
760 603 8
760 219 13
760 665 7
760 372 22
761 922 11
761 129 18
762 799 9
762 350 12
763 344 15
764 641 9
764 116 19
764 774 13
764 818 9
765 707 5
766 262 14
766 884 10
766 73 21
766 593 15
767 196 21
768 841 23
768 119 5
768 475 24
768 553 22
768 21 12
768 207 14
769 251 14
769 764 11
770 732 23
770 615 15
770 216 19
770 215 8
771 716 25
771 392 25
772 870 9
772 229 12
773 467 24
775 891 6
776 166 19
776 378 10
776 440 20
776 177 12
777 999 16
777 724 21
777 31 5
777 583 15
777 78 22
777 884 5
778 319 15
778 657 7
778 118 7
778 97 17
778 57 20
779 500 21
780 522 16
780 971 20
780 33 17
780 954 17
780 594 16
780 105 6
781 200 5
781 859 23
781 635 7
782 721 8
782 16 10
782 643 19
783 686 21
783 192 11
784 51 22
784 880 24
784 418 15
784 764 21
785 218 23
785 527 15
786 644 5
786 640 6
787 566 7
787 286 19
788 672 23
789 787 18
789 2 21
789 654 12
790 932 21
790 272 19
791 817 16
791 376 11
792 566 15
792 310 21
792 467 23
792 657 7
792 499 17
794 559 8
795 154 7
795 114 9
795 936 7
797 805 9
798 129 13
798 488 21
798 576 9
798 137 10
799 840 19
799 672 5
800 2 18
800 477 13
800 776 19
800 30 11
801 157 13
802 73 13
802 763 18
802 756 9
802 216 23
802 732 18
803 311 23
803 683 24
803 518 6
804 802 25
804 166 18
804 754 23
804 637 17
805 910 20
805 238 5
806 384 8
806 221 7
806 846 12
808 73 19
808 324 6
808 468 6
809 709 14
809 199 16
809 603 12
810 646 25
810 941 7
811 282 18
811 119 18
812 624 9
812 522 7
812 559 21
812 325 22
812 956 13
813 463 10
813 415 15
813 453 23
813 238 5
814 932 22
814 848 8
814 367 8
814 119 19
814 298 14
814 617 7
814 658 5
815 740 9
815 938 11
816 127 21
816 108 12
817 347 23
817 627 20
818 29 8
818 91 14
819 406 21
819 918 23
819 391 14
819 747 20
820 310 6
820 340 8
820 827 17
820 626 14
820 998 24
821 168 11
821 870 6
821 323 18
821 757 8
823 798 24
823 573 13
823 227 16
823 30 6
823 784 9
824 593 17
824 131 10
824 783 7
824 89 18
825 363 13
825 631 7
825 564 17
825 396 8
826 850 22
826 391 24
826 313 16
827 853 17
827 312 16
828 105 19
828 577 24
828 285 24
829 81 12
829 46 6
829 677 12
829 737 11
829 836 11
829 7 25
830 306 19
830 758 15
830 87 15
830 559 21
830 351 8
831 227 13
831 187 25
832 399 23
832 208 10
832 995 14
833 823 9
833 819 9
833 731 15
834 607 17
835 686 16
836 238 19
836 957 25
836 579 16
836 133 20
836 894 14
836 490 22
837 96 25
838 710 14
838 311 19
839 38 18
839 15 22
839 785 8
839 592 7
840 685 20
840 554 21
841 247 25
841 51 9
841 954 22
841 775 19
842 819 24
842 444 18
842 499 15
843 74 11
843 754 24
843 815 7
844 600 13
844 965 12
844 214 7
844 305 25
845 158 7
845 131 16
845 786 11
845 132 21
846 884 18
846 575 17
846 909 25
847 59 18
847 955 16
847 241 16
847 728 6
847 153 19
848 429 19
848 73 19
848 492 10
848 24 25
848 388 10
849 88 9
849 299 25
850 604 15
850 816 25
850 599 22
850 624 9
851 818 19
851 334 9
852 734 25
852 520 20
853 385 21
853 876 17
853 106 12
853 181 5
854 587 5
854 807 25
854 791 23
854 258 9
854 625 23
855 34 19
855 640 5
855 68 10
856 442 15
856 383 13
856 543 17
857 981 17
857 449 14
857 128 11
858 149 10
858 215 9
858 651 8
858 582 22
859 956 22
859 684 21
859 277 11
860 134 13
861 790 20
861 240 12
861 289 14
862 711 5
862 235 25
862 158 18
862 238 16
862 694 13
863 261 23
864 583 23
864 357 18
864 325 19
864 81 23
864 551 10
864 930 8
865 319 8
865 646 12
865 245 15
866 162 22
866 795 10
866 655 5
866 123 8
867 490 13
867 703 15
867 497 6
867 458 20
868 835 9
868 404 6
869 632 22
869 636 19
869 858 18
869 113 12
870 199 16
871 396 17
871 686 23
871 972 22
872 608 9
873 93 16
873 668 18
873 691 13
873 79 20
873 418 17
874 69 10
875 124 10
875 856 21
875 571 24
876 891 23
876 977 16
876 673 22
877 90 23
877 804 10
878 406 12
878 236 25
878 671 16
879 648 22
879 851 11
879 246 11
880 213 20
881 42 6
881 499 20
881 124 16
882 940 7
882 665 21
882 818 7
882 536 19
882 856 16
883 916 12
883 75 7
883 465 5
883 281 20
883 973 15
884 374 23
885 671 15
885 183 8
887 416 5
887 124 22
888 131 16
888 676 24
888 516 5
889 319 9
889 316 6
890 886 16
890 162 16
890 108 10
891 540 22
891 957 15
891 887 7
892 394 13
892 42 23
892 443 14
892 189 15
893 380 13
893 376 25
893 552 17
893 397 17
893 874 15
894 415 11
894 83 21
894 463 23
895 614 11
895 107 19
895 180 21
895 284 12
896 299 6
896 729 10
896 107 18
897 413 12
897 129 18
898 246 9
898 351 10
898 273 21
899 346 12
899 859 17
899 75 22
899 490 22
899 975 9
900 731 16
900 143 10
901 603 6
901 254 18
901 416 16
902 588 20
902 602 20
903 649 14
903 251 12
903 47 7
903 884 15
903 297 7
904 857 6
904 245 12
904 250 10
905 942 23
905 640 13
906 797 11
907 56 20
907 431 9
907 880 5
907 452 23
908 479 12
908 748 5
909 907 17
910 741 20
911 436 19
911 967 11
911 544 10
911 144 8
911 540 10
912 991 15
912 247 23
913 292 9
913 875 20
913 734 12
913 967 20
913 480 10
915 913 17
915 580 15
915 903 21
915 223 23
915 24 25
916 579 12
918 989 17
918 411 10
918 983 20
919 536 19
919 182 9
919 256 13
919 336 17
919 259 19
920 132 24
920 788 16
920 296 6
921 759 10
921 850 10
921 704 18
921 454 9
921 813 23
922 827 18
922 811 7
923 55 21
923 885 5
923 764 18
923 831 12
924 180 23
924 622 9
924 601 14
924 670 18
925 826 11
925 258 10
925 455 24
926 843 5
927 913 24
927 772 16
928 468 18
929 44 9
929 665 6
929 245 15
930 120 18
930 807 19
930 177 22
930 529 5
930 1 23
931 123 21
931 526 12
931 993 19
931 716 20
932 353 12
932 849 22
932 539 17
934 605 24
934 326 13
934 542 22
935 127 24
936 535 14
936 120 21
937 540 19
937 472 8
937 488 6
938 159 8
938 71 16
938 240 20
938 42 25
938 737 22
938 589 24
939 693 24
939 245 19
940 57 8
940 299 12
941 761 10
941 816 25
941 374 11
941 596 14
941 450 13
941 341 11
942 353 9
942 585 20
942 504 6
942 363 13
943 622 23
943 591 23
944 404 18
945 374 10
945 366 11
945 707 19
946 55 17
947 537 21
947 723 6
947 840 20
947 153 25
947 621 18
948 465 14
948 657 17
948 353 20
949 274 17
949 355 16
949 459 17
949 168 5
949 620 17
950 560 21
950 991 8
950 431 15
950 208 16
951 196 25
951 725 20
951 924 16
951 128 15
951 133 21
952 441 15
952 950 23
952 131 10
952 704 7
953 663 21
953 315 14
953 480 20
954 522 22
955 513 16
955 813 5
956 581 22
956 795 22
957 45 6
957 131 24
957 196 20
958 560 12
958 621 25
959 653 23
959 392 25
959 667 18
960 17 16
960 169 5
960 276 22
961 161 13
961 695 5
961 49 18
961 527 15
962 446 8
962 983 5
962 56 18
962 677 17
962 52 14
962 663 10
963 829 20
963 631 24
963 854 6
964 69 11
965 275 20
965 851 25
965 574 22
966 832 22
966 456 8
966 76 21
966 743 12
966 81 5
967 207 8
967 394 24
967 108 22
968 83 10
968 246 25
968 254 20
968 556 17
969 606 24
969 657 6
969 351 14
969 955 9
969 55 22
969 370 15
970 81 8
970 261 7
970 886 14
971 285 6
973 382 21
973 870 25
974 28 19
974 851 19
974 335 6
974 117 22
974 686 12
975 5 11
975 586 22
976 864 19
977 614 22
977 370 8
977 378 9
977 355 15
978 952 7
978 135 13
978 107 7
978 254 15
978 739 18
978 575 8
978 599 22
979 659 8
979 991 11
981 51 16
981 410 10
981 101 24
982 438 15
982 255 9
982 14 17
983 648 11
983 329 13
984 975 18
984 1 17
985 287 9
985 262 25
986 610 15
986 117 18
986 329 9
987 940 23
987 220 12
988 205 15
988 507 19
989 780 20
989 34 9
989 45 14
990 677 24
990 354 18
991 933 21
991 983 10
991 838 14
991 831 16
991 96 10
991 374 15
992 887 20
992 497 6
993 838 14
993 373 12
993 399 21
993 529 20
993 859 12
993 793 11
993 769 23
993 536 11
993 885 22
993 481 12
994 294 25
995 455 16
995 981 9
995 55 18
995 999 7
995 916 14
995 985 18
997 998 5
997 162 5
997 335 17
998 625 8
998 525 8
998 443 17
998 239 13
998 223 17
998 731 7
998 132 15
998 865 16
