50 93 1 21
1 12 20
1 39 13
1 5 9
1 34 10
1 2 10
1 30 18
3 42 19
5 1 13
5 27 22
6 15 9
7 0 9
8 1 9
8 26 12
8 17 10
8 25 7
8 45 9
8 10 6
9 2 24
9 14 23
10 20 6
10 36 14
11 31 20
11 12 6
12 24 6
12 0 13
13 2 21
14 10 23
14 46 25
15 32 11
16 28 21
16 43 21
17 25 21
17 39 5
18 26 17
19 46 11
19 49 6
20 30 17
20 34 19
20 3 24
21 18 21
21 8 21
21 36 23
22 9 7
22 18 7
23 6 7
23 33 15
23 20 14
24 46 8
24 41 6
24 37 8
25 41 21
25 8 24
25 3 19
25 5 20
27 26 22
27 15 20
27 11 13
27 35 14
28 21 23
29 10 21
29 1 7
30 31 18
30 6 12
31 21 23
31 20 17
32 3 7
32 33 25
33 9 5
33 37 7
34 20 16
35 22 20
36 30 7
37 14 22
38 34 21
38 46 22
39 0 7
39 16 6
39 37 8
40 35 16
41 23 7
41 47 8
41 46 6
42 21 11
42 1 12
42 43 21
43 3 21
43 34 20
44 4 11
45 44 20
47 21 23
47 36 20
47 0 20
49 23 18
