50 666 3 37
0 20 13
0 14 14
0 42 22
0 46 5
0 35 6
0 43 9
0 40 25
0 34 15
0 4 5
0 24 23
0 10 11
0 25 5
1 25 20
1 2 21
1 3 19
1 49 22
1 19 25
1 44 9
1 9 10
1 46 16
1 36 15
1 40 15
1 21 7
1 42 23
2 41 20
2 11 18
2 34 13
2 48 14
2 30 5
2 20 24
2 43 25
2 32 19
2 49 23
2 12 5
2 17 10
2 47 17
2 22 19
2 40 24
2 16 16
2 35 13
2 46 12
2 24 17
3 48 25
3 29 25
3 36 22
3 0 5
3 32 7
3 12 14
3 31 17
3 7 14
3 2 25
3 1 21
3 49 10
3 30 8
3 45 13
3 34 16
3 5 9
4 28 7
4 26 24
4 33 11
4 7 16
4 1 21
4 41 17
4 14 21
4 25 12
4 31 8
4 43 10
4 2 23
5 27 5
5 48 15
5 32 10
5 42 9
5 37 23
5 6 14
5 21 15
5 20 21
5 36 23
6 42 16
6 37 23
6 24 5
6 7 6
6 23 5
6 16 15
6 25 9
6 27 10
6 10 19
6 2 20
6 39 15
6 41 5
6 49 15
6 43 16
6 12 23
6 13 16
6 46 24
7 32 8
7 43 22
7 48 20
7 5 21
7 39 24
7 35 15
7 36 8
7 31 24
7 20 23
7 37 7
7 26 20
7 2 23
7 19 7
7 3 11
7 38 18
7 27 9
7 34 20
8 49 18
8 14 13
8 4 21
8 40 14
8 34 12
8 28 25
8 38 10
8 16 12
8 9 13
9 15 16
9 25 12
9 4 7
9 39 13
9 34 20
9 14 8
9 1 5
9 45 24
9 49 5
9 0 16
9 40 20
9 23 12
9 35 19
10 5 6
10 30 11
10 47 22
10 11 15
10 34 9
10 37 18
10 46 23
10 14 7
10 49 13
10 13 13
10 23 9
10 20 25
11 38 10
11 15 19
11 7 21
11 0 14
11 48 23
11 18 5
11 28 6
11 4 11
11 8 7
11 6 11
11 27 5
11 19 19
11 47 16
11 25 18
12 24 20
12 30 16
12 6 5
12 0 17
12 40 20
12 36 13
12 29 6
12 2 13
12 5 9
12 26 5
12 11 16
12 47 18
12 22 20
13 40 5
13 25 21
13 24 10
13 47 24
13 18 9
13 32 12
13 43 21
13 7 8
13 8 23
13 34 22
13 33 15
13 28 23
13 12 24
13 49 16
14 39 17
14 33 24
14 7 15
14 5 17
14 26 24
14 40 21
14 36 9
14 45 15
14 48 17
14 27 24
14 41 5
14 32 25
15 28 22
15 32 5
15 12 11
15 24 23
15 4 22
15 43 19
15 2 6
15 25 6
15 8 22
15 40 9
15 31 14
16 36 19
16 14 5
16 21 9
16 34 17
16 46 20
16 2 15
16 9 11
16 17 15
16 44 7
16 40 23
16 7 19
16 11 5
16 24 15
16 33 24
16 42 10
17 4 23
17 21 19
17 36 18
17 0 11
17 27 19
17 9 23
17 2 14
18 46 17
18 45 17
18 7 13
18 26 21
18 13 21
18 14 20
18 34 19
18 5 19
18 37 6
18 19 14
18 30 12
18 4 10
18 41 9
18 29 9
18 3 22
18 6 24
18 35 9
19 18 21
19 48 18
19 13 13
19 38 16
19 36 18
19 20 21
19 42 7
19 23 8
19 34 18
19 41 7
19 11 9
19 39 25
19 47 15
19 14 19
19 0 22
19 27 12
19 31 18
19 3 24
20 11 14
20 25 10
20 49 14
20 45 15
20 16 12
20 9 22
20 14 23
20 48 7
20 22 10
20 46 13
20 42 16
20 13 5
20 33 25
21 19 15
21 24 13
21 22 15
21 46 15
21 32 8
21 0 22
21 8 9
21 36 16
21 3 21
21 42 16
21 25 16
21 27 11
22 27 7
22 19 22
22 23 14
22 18 25
22 43 21
22 3 17
22 47 9
22 39 11
22 25 19
22 46 25
22 4 5
22 35 23
22 42 17
22 32 23
22 38 22
22 45 16
23 47 15
23 22 23
23 38 14
23 43 19
23 30 6
23 14 19
23 36 12
23 35 11
23 41 18
23 31 25
23 34 5
23 17 21
23 13 20
23 39 9
23 11 10
23 15 20
23 42 24
23 3 13
24 25 23
24 14 5
24 16 14
24 34 9
24 15 11
24 44 21
24 10 13
24 4 18
24 47 14
24 6 19
24 46 17
24 35 5
24 49 19
24 32 17
24 26 20
24 33 22
24 0 7
24 38 23
25 5 15
25 30 12
25 23 14
25 24 11
25 39 17
25 43 6
25 2 15
25 10 10
25 4 21
25 49 13
25 29 10
25 12 20
26 36 10
26 18 5
26 29 10
26 17 11
26 43 11
26 0 7
26 16 21
26 40 20
26 49 20
26 7 18
26 9 6
26 3 6
26 22 10
26 34 15
26 39 12
26 15 6
27 29 7
27 8 12
27 26 24
27 3 6
27 43 23
27 34 21
27 18 7
27 24 20
27 38 7
27 48 20
27 10 24
27 1 15
27 2 22
28 12 18
28 20 19
28 25 25
28 32 17
28 42 19
28 21 6
28 47 7
28 31 12
29 22 13
29 12 19
29 20 12
29 37 25
29 27 6
29 36 7
29 13 11
29 44 24
29 23 12
29 17 8
29 35 17
29 33 5
30 26 14
30 8 24
30 6 6
30 22 16
30 23 22
30 10 5
30 42 7
30 38 9
30 17 14
30 45 10
30 44 19
30 16 5
30 21 23
30 40 16
30 19 17
31 42 7
31 41 5
31 16 6
31 22 24
31 15 25
31 34 10
31 29 20
31 1 11
31 23 14
31 17 25
31 30 14
31 26 23
31 5 20
31 44 9
31 45 14
32 45 25
32 7 7
32 28 6
32 4 21
32 30 10
32 23 12
32 18 8
32 36 17
32 43 8
32 38 9
32 13 17
32 1 25
32 44 5
33 39 20
33 10 12
33 47 23
33 23 5
33 27 17
33 11 24
33 1 15
33 0 19
33 5 13
33 37 25
33 18 8
33 40 24
33 41 11
34 27 14
34 38 16
34 14 20
34 18 20
34 32 23
34 47 6
34 5 20
34 35 10
34 2 20
34 26 8
34 0 6
35 6 23
35 17 18
35 26 11
35 14 23
35 48 22
35 38 19
35 12 20
35 34 18
35 11 12
35 25 19
35 21 17
36 25 10
36 13 11
36 5 15
36 40 14
36 44 9
36 27 19
36 21 22
36 8 19
36 19 9
36 34 23
36 7 20
36 6 24
36 0 14
37 39 17
37 15 25
37 28 13
37 27 16
37 3 7
37 47 22
37 23 11
37 12 5
37 40 9
37 2 12
37 24 9
37 13 6
37 16 12
38 16 7
38 43 14
38 5 25
38 31 9
38 28 11
38 45 18
38 7 20
38 3 18
38 19 21
38 18 23
38 26 5
38 12 10
38 27 9
38 10 16
38 46 8
38 30 15
39 22 7
39 31 20
39 13 14
39 7 25
39 18 20
39 8 10
39 24 24
39 29 14
39 10 22
39 34 7
39 1 14
39 37 14
40 12 24
40 20 15
40 22 5
40 47 20
40 23 7
40 25 21
40 37 15
40 8 17
40 11 12
40 9 20
40 43 17
40 36 5
40 15 13
41 38 22
41 39 22
41 22 13
41 31 12
41 27 5
41 5 23
41 45 10
41 23 6
41 44 15
41 26 14
41 2 10
41 11 18
41 4 25
41 49 10
42 8 9
42 44 7
42 26 9
42 12 17
42 31 8
42 45 21
42 25 8
42 11 18
42 34 24
42 23 13
42 38 15
42 32 13
42 47 16
42 2 25
43 32 9
43 25 22
43 18 13
43 23 16
43 0 10
43 44 11
43 33 5
43 31 17
43 34 24
43 3 11
44 1 16
44 10 13
44 11 25
44 35 11
44 26 23
44 15 19
44 9 12
44 30 21
44 0 21
45 39 22
45 37 7
45 9 13
45 27 15
45 41 15
45 47 18
45 8 15
45 4 22
45 26 13
45 25 6
45 30 9
45 20 14
45 35 22
45 23 20
45 15 19
45 48 24
45 1 15
45 31 5
46 14 25
46 16 11
46 29 9
46 22 25
46 1 19
46 8 24
46 31 16
46 13 11
46 30 19
46 39 14
46 17 6
46 9 7
46 4 10
46 15 6
46 18 15
46 5 5
47 9 21
47 13 6
47 21 17
47 14 12
47 32 9
47 30 6
47 4 12
47 48 7
47 7 17
47 12 11
48 42 10
48 16 24
48 33 15
48 5 25
48 21 14
48 23 11
48 8 18
48 25 6
48 18 7
48 49 18
48 26 8
48 29 25
48 35 9
49 23 14
49 8 11
49 45 21
49 3 18
49 0 19
49 28 21
49 31 10
49 7 20
49 29 22
49 13 12
49 2 6
49 21 14
49 14 21
