500 1321 32 77
0 199 16
0 49 10
1 20 5
1 19 21
1 351 9
2 210 24
2 124 24
3 89 7
3 473 13
3 94 25
4 440 13
4 263 14
4 496 11
4 416 12
5 212 20
5 165 20
5 397 7
5 377 18
6 283 5
6 197 14
6 468 16
7 293 8
8 257 20
8 300 7
8 391 9
8 390 15
10 249 22
10 127 18
10 99 15
10 97 13
10 145 15
11 484 18
12 204 14
13 169 5
14 461 20
14 365 6
14 60 22
14 325 5
15 144 15
15 68 21
16 332 14
16 62 8
16 172 17
16 413 25
17 193 22
18 77 12
18 495 7
18 271 11
19 446 13
19 185 25
19 222 16
19 263 7
19 138 17
20 92 25
21 34 12
21 350 21
21 152 22
22 312 19
22 344 18
22 318 25
23 359 21
23 313 25
23 440 21
24 423 16
24 211 10
25 150 15
25 222 17
25 476 22
26 471 13
26 430 15
27 57 24
27 362 18
27 65 21
27 236 20
27 496 16
28 54 25
29 462 20
29 376 15
29 442 7
29 447 10
30 357 10
30 489 18
31 180 7
31 362 17
31 303 23
32 51 25
32 386 23
32 244 24
32 56 16
32 63 11
32 276 9
32 474 11
33 404 10
33 284 9
33 448 20
33 287 9
35 345 21
35 166 25
36 178 21
36 202 18
36 417 5
37 75 23
37 318 11
37 440 13
37 473 7
37 293 17
38 396 14
38 495 25
38 323 23
39 345 21
39 425 8
39 483 21
40 284 22
40 469 16
40 140 19
41 367 6
41 496 25
42 273 15
43 402 14
43 111 25
43 356 23
44 264 25
45 433 5
45 277 16
45 358 23
45 227 5
45 402 18
45 316 5
45 162 18
46 340 20
46 408 12
47 473 17
47 75 15
48 11 16
48 429 10
49 298 14
49 8 7
49 215 19
49 396 9
49 50 13
50 294 20
50 452 5
50 87 13
50 115 16
51 54 25
51 83 21
53 285 22
53 411 14
53 166 22
53 312 7
53 331 22
54 320 23
54 211 6
54 63 7
55 348 8
55 40 7
55 423 18
55 409 24
56 290 25
56 46 15
56 375 12
57 369 22
57 446 14
57 7 6
57 85 17
58 358 22
58 283 12
59 481 24
59 357 23
59 467 12
59 486 24
61 98 5
61 206 5
62 481 20
63 195 18
64 121 15
64 388 18
64 484 13
65 25 20
65 386 19
66 274 25
66 16 24
68 119 14
68 340 18
69 130 5
70 12 17
71 141 20
71 196 21
71 375 22
71 95 12
73 466 16
73 39 6
73 441 15
73 476 24
73 223 22
74 305 6
74 111 9
75 193 20
75 380 23
76 395 19
77 207 13
77 246 11
78 47 24
78 242 8
79 363 10
79 256 12
79 326 20
79 375 17
79 236 17
79 24 13
79 210 24
80 268 5
80 190 15
81 54 23
81 96 19
81 215 6
81 276 21
82 153 10
82 388 16
83 433 17
83 498 20
84 19 5
84 92 16
84 66 10
84 337 20
84 23 6
85 361 20
85 459 19
85 300 14
85 407 11
85 413 20
86 388 5
86 73 18
86 459 16
87 286 8
87 357 22
87 377 16
88 492 18
88 285 22
89 290 6
89 241 15
89 94 8
90 285 25
90 320 16
90 28 22
90 77 24
91 83 19
91 94 9
91 72 24
92 155 8
92 481 18
92 449 20
93 365 24
93 331 23
94 374 11
94 393 21
94 466 16
94 419 24
94 61 6
94 93 22
94 361 12
95 42 22
95 300 7
95 475 12
95 253 8
96 127 24
96 327 12
97 35 20
97 23 6
97 369 18
97 309 21
98 361 13
99 468 24
99 490 8
99 390 19
99 180 18
100 386 5
100 312 10
100 108 19
100 230 11
101 70 11
102 256 22
103 52 9
104 113 11
104 408 22
104 404 24
104 107 11
104 126 9
105 347 14
105 381 8
107 424 18
107 281 15
107 415 5
108 296 11
108 332 21
108 149 23
108 289 23
109 400 5
110 45 12
110 86 15
111 241 13
111 226 6
112 489 17
112 114 8
112 99 17
112 176 14
112 334 16
113 249 12
114 307 11
114 39 7
114 369 9
114 408 20
114 203 22
115 232 5
118 232 13
118 155 19
118 338 9
118 411 20
119 221 20
119 453 6
120 461 16
120 159 14
120 48 14
121 182 6
122 350 20
122 63 5
123 291 19
123 138 8
123 475 9
123 206 23
123 267 18
124 398 24
124 71 18
124 231 20
124 422 11
124 225 19
124 135 12
125 279 12
125 64 22
125 80 13
125 322 12
126 352 22
126 255 24
126 28 7
126 253 17
127 177 5
127 59 13
127 377 17
128 56 24
128 260 6
128 331 16
128 417 15
129 383 14
130 345 12
131 252 15
131 359 14
131 354 12
132 432 11
132 403 17
133 366 13
133 46 5
133 9 6
133 485 6
133 76 12
134 3 14
134 270 16
134 410 23
135 391 18
135 345 11
136 335 10
137 445 24
137 344 14
137 463 25
137 237 10
138 22 12
138 237 5
139 144 15
141 135 22
141 69 23
141 26 13
141 171 12
141 461 18
141 184 11
142 226 12
143 193 11
143 459 24
143 327 7
143 18 19
143 292 7
144 118 7
144 460 18
145 380 14
145 498 24
145 384 20
146 338 15
146 418 21
146 95 21
146 195 8
146 274 23
149 261 22
149 471 14
149 305 23
149 446 15
151 166 25
151 458 14
152 194 16
153 7 7
153 176 14
154 4 21
154 240 18
155 423 20
155 209 22
155 125 14
155 223 24
156 486 16
156 80 18
157 467 23
157 238 11
157 329 22
157 385 5
158 263 17
158 472 15
159 143 25
159 148 9
159 497 20
159 75 20
160 372 6
161 145 12
161 478 17
161 225 15
162 295 12
162 380 9
163 124 22
163 204 22
164 186 21
164 485 15
164 15 5
164 17 6
164 423 12
164 53 23
165 70 15
166 332 16
166 468 9
167 251 7
167 370 15
167 408 7
168 122 12
168 414 25
168 159 16
169 375 7
169 243 10
169 286 10
170 136 5
170 4 8
170 401 21
170 499 21
170 115 23
170 357 6
171 64 23
171 244 13
171 266 18
172 458 20
173 62 10
173 157 10
173 390 14
175 455 25
175 294 13
176 381 17
176 390 23
176 78 21
176 267 20
177 489 20
177 382 18
178 83 19
178 133 23
178 285 17
179 44 24
179 186 6
180 232 25
180 58 21
180 28 10
180 384 16
181 306 10
181 145 23
181 470 6
181 57 24
181 68 11
182 239 17
182 338 10
183 52 15
183 113 8
183 55 24
184 112 6
184 255 14
184 96 9
184 176 10
184 378 18
184 29 16
184 427 21
184 86 10
184 3 11
185 312 13
185 214 9
185 487 7
186 232 18
186 188 23
186 202 19
186 158 18
187 325 25
187 489 15
187 204 19
188 439 6
189 305 20
190 284 6
190 70 19
190 497 10
191 210 13
191 107 5
191 57 21
192 55 12
192 162 18
192 332 5
192 350 17
193 95 14
193 53 15
193 258 24
193 232 16
194 43 19
194 46 18
195 170 16
196 333 17
196 17 17
196 205 5
197 125 14
197 384 21
197 173 25
197 16 8
197 387 24
198 210 22
198 154 14
199 468 19
200 345 8
200 213 12
201 143 10
201 410 16
201 378 8
202 168 9
202 319 15
202 325 14
203 241 24
203 388 16
203 226 14
203 352 25
203 32 12
204 183 23
204 171 12
205 52 24
205 335 21
206 228 18
206 499 5
206 475 23
206 393 7
207 281 19
207 397 12
207 445 14
208 393 21
208 127 11
208 335 25
209 489 24
209 20 23
209 322 18
209 335 15
209 458 15
209 162 11
210 46 12
210 347 22
210 34 16
210 278 21
210 42 8
210 363 6
211 272 11
212 410 7
212 300 8
212 305 15
213 102 10
213 257 11
213 226 12
214 18 13
215 488 18
215 378 8
215 149 19
215 294 12
217 177 25
218 448 15
218 457 6
218 185 15
219 47 7
219 240 6
219 121 22
219 81 17
220 443 17
220 315 9
220 164 5
220 369 24
220 488 25
221 52 19
221 496 11
221 128 20
221 375 16
221 74 9
222 79 10
222 300 21
223 182 10
223 264 7
223 480 15
224 210 11
224 480 16
224 33 14
224 240 15
224 261 12
225 4 16
226 370 17
226 235 18
226 55 14
226 41 25
227 29 5
227 329 15
228 495 16
228 44 14
228 156 6
229 215 18
229 72 25
229 32 5
230 356 21
231 286 15
232 355 14
233 251 10
233 196 18
233 127 19
234 314 10
234 397 21
235 115 7
235 493 23
235 20 23
235 448 17
236 478 6
236 357 8
237 207 21
237 50 12
237 249 9
237 374 24
237 108 13
239 157 13
240 130 9
241 225 20
241 261 8
242 451 5
242 257 16
242 97 12
242 217 9
242 195 8
242 167 12
242 210 6
242 80 21
242 246 20
242 138 14
243 411 23
243 258 21
243 226 9
243 120 17
244 242 17
244 311 6
244 153 8
245 26 25
245 45 13
245 431 5
245 313 25
246 472 10
247 305 25
248 10 7
250 366 19
250 163 12
251 20 7
251 441 12
251 396 11
251 206 24
252 297 17
252 33 19
252 182 9
252 3 12
252 132 10
253 167 13
253 108 12
253 215 13
254 317 7
254 12 6
254 289 12
255 146 13
255 57 12
255 192 7
256 188 12
256 263 11
257 476 17
257 166 15
258 45 13
259 165 11
259 344 23
259 439 9
259 299 10
259 174 6
259 15 20
260 198 23
260 102 6
260 281 11
260 110 20
262 35 19
262 326 24
263 318 12
263 260 25
263 303 18
263 498 23
265 151 21
266 164 15
266 261 7
266 49 13
266 424 22
267 100 23
267 390 19
267 398 9
267 27 25
267 318 25
267 463 16
267 389 18
267 355 20
268 452 23
268 380 5
269 341 23
269 435 23
269 337 20
270 211 24
270 156 9
270 158 11
270 151 7
271 174 15
271 421 24
271 420 12
271 216 11
272 234 17
273 89 18
273 49 12
273 163 18
274 386 10
275 385 19
275 472 18
276 68 24
276 195 24
276 497 19
276 93 17
277 152 18
277 184 5
277 302 15
277 175 19
278 349 8
278 256 22
278 151 13
279 444 22
279 205 17
280 488 21
280 68 22
281 390 25
281 493 19
281 170 12
281 264 5
281 26 17
281 299 9
281 184 11
282 200 7
282 407 10
283 429 7
283 428 12
283 426 16
284 243 15
286 94 9
287 51 10
287 302 25
287 130 24
287 236 21
287 14 18
287 97 16
288 175 13
288 307 14
288 499 22
288 265 15
288 392 20
289 119 7
289 318 17
289 125 25
290 270 8
290 222 25
290 133 5
290 314 20
291 202 18
291 207 20
292 190 8
292 225 19
293 471 22
294 479 7
294 469 22
295 88 18
295 477 24
295 107 18
296 133 25
296 259 9
296 272 13
297 283 24
297 189 6
297 431 7
298 425 20
298 303 6
299 72 9
299 319 19
299 82 17
300 224 13
301 467 19
301 239 11
302 13 21
302 330 11
303 156 14
304 491 23
304 33 16
304 497 17
305 378 6
305 495 25
305 293 5
306 237 10
306 361 15
306 144 5
306 54 23
307 231 23
307 247 5
307 275 21
308 86 24
308 238 8
309 310 6
309 489 15
310 391 21
310 190 22
311 445 14
311 419 14
312 372 24
312 149 9
312 130 8
313 97 11
313 83 5
314 447 18
315 474 8
315 429 22
315 280 8
316 324 19
317 80 21
317 46 25
317 376 10
317 16 21
317 282 6
318 85 14
318 41 18
318 336 22
318 254 18
318 61 21
318 290 5
319 351 14
319 467 7
319 323 20
319 108 19
320 432 8
321 378 13
321 34 15
321 77 8
322 237 13
322 379 25
322 84 14
322 14 10
323 313 11
323 102 13
323 365 6
323 261 14
323 399 9
323 156 7
323 284 10
324 459 14
324 415 5
324 274 21
325 154 7
325 288 7
326 419 21
326 362 11
326 407 12
328 404 13
329 102 21
330 329 10
330 243 21
331 311 9
331 3 9
331 218 25
331 497 15
331 489 25
332 42 7
332 324 9
332 479 24
332 19 23
333 357 15
333 35 5
333 10 8
334 392 14
335 350 5
335 473 7
336 164 25
336 496 17
336 373 10
337 233 24
337 102 25
337 130 21
337 94 14
337 208 19
337 192 24
338 205 23
338 439 16
338 305 7
339 213 18
339 496 5
340 174 14
341 80 15
341 204 6
342 183 17
342 428 10
342 128 14
345 467 22
345 259 22
346 447 15
346 337 15
346 251 10
347 295 20
348 11 21
348 161 19
348 486 14
348 278 13
349 482 10
349 483 10
349 93 10
349 203 16
349 328 12
350 6 17
350 456 7
350 52 25
350 362 16
351 241 8
351 53 15
351 449 10
351 411 20
352 35 22
352 254 19
353 23 8
354 362 20
355 214 11
355 323 7
356 142 7
356 32 25
357 380 15
357 155 21
357 230 12
358 398 25
358 397 18
358 129 18
358 269 18
358 251 10
358 324 10
358 0 20
359 237 14
359 239 13
359 71 22
360 6 6
361 452 18
361 210 9
362 355 5
362 154 25
362 123 18
363 218 18
363 405 25
363 169 19
364 281 23
364 429 16
364 194 23
364 184 16
365 88 10
365 362 25
365 274 6
366 183 22
366 88 10
366 444 5
366 292 5
366 33 19
366 481 18
366 454 25
367 250 8
367 122 13
369 489 12
369 305 17
370 330 5
370 131 11
370 86 13
370 417 22
370 139 6
370 410 22
371 89 19
372 34 24
372 122 17
372 75 15
372 110 11
373 403 17
373 355 19
373 35 8
373 313 11
374 366 23
374 242 22
374 54 7
375 424 13
375 370 11
377 75 18
377 193 11
378 82 20
378 490 5
379 61 13
379 26 11
379 96 21
379 88 17
380 275 10
381 253 19
381 440 8
381 155 15
382 22 6
382 499 15
383 175 23
383 303 10
383 267 18
384 142 13
384 267 9
385 345 20
385 322 19
385 370 8
387 447 16
387 311 13
387 186 5
387 286 20
387 216 7
388 159 15
389 34 7
390 216 21
392 58 10
393 376 12
393 14 23
393 6 14
393 336 22
393 222 18
395 67 10
396 489 9
396 339 17
396 305 12
396 329 15
397 26 6
398 14 11
398 185 13
398 159 12
398 496 5
398 115 5
399 20 9
400 316 10
400 153 12
400 229 18
400 359 11
401 135 23
402 311 14
402 395 23
403 404 14
403 324 22
403 231 19
404 140 16
405 449 9
405 112 13
405 435 11
405 120 22
406 385 5
406 367 21
406 479 12
407 452 15
407 474 5
408 134 12
408 156 16
408 246 21
408 392 10
408 104 24
409 288 18
409 437 23
409 164 13
409 139 17
409 274 15
409 392 13
410 273 11
410 5 23
410 139 11
410 398 21
411 141 6
411 140 18
411 321 14
411 439 8
411 88 21
411 492 8
411 298 18
412 368 18
412 438 19
413 356 14
413 3 18
413 4 8
415 375 18
415 305 11
415 422 15
418 92 11
418 493 13
418 292 6
418 68 5
418 19 23
419 253 7
420 287 16
421 60 21
422 44 11
423 127 22
423 294 19
423 34 19
423 318 16
423 147 18
423 205 14
424 258 23
424 327 18
425 371 7
425 317 11
425 186 17
425 185 8
425 257 13
426 428 14
427 225 20
427 195 19
427 390 13
428 408 10
428 187 21
430 50 22
430 443 17
430 92 7
431 224 19
432 378 18
432 241 9
432 288 16
432 77 19
432 403 5
433 265 18
433 472 20
433 396 21
433 381 7
433 165 6
434 123 9
434 161 19
434 341 21
434 391 21
434 485 13
435 305 18
435 307 7
436 383 23
436 454 17
437 66 22
437 93 18
437 145 6
437 77 11
437 234 14
437 102 14
439 351 7
440 327 10
441 248 17
441 432 17
442 463 5
443 288 15
443 197 16
443 15 12
443 241 18
443 128 15
444 123 5
444 397 14
444 302 14
444 361 18
445 372 9
445 136 23
446 412 23
447 420 18
447 407 23
449 282 8
449 77 15
449 368 16
449 481 9
450 329 25
450 249 12
450 320 9
451 259 22
452 488 17
453 6 17
453 182 16
453 210 11
456 383 6
456 306 24
457 443 19
457 395 6
458 39 14
459 237 25
460 345 8
460 285 21
460 298 18
461 483 5
462 69 10
462 123 25
462 406 5
462 351 19
463 155 16
464 174 14
464 179 10
464 261 8
465 379 7
466 437 6
466 166 6
467 15 22
467 382 5
467 447 19
468 460 21
469 126 17
469 245 12
469 172 12
469 388 14
469 276 16
469 174 10
469 487 7
469 28 14
470 233 19
470 110 24
471 82 22
471 406 13
472 140 23
473 71 15
473 99 16
473 70 15
475 228 16
475 149 23
475 47 17
475 206 21
476 357 15
476 463 11
477 414 13
477 342 22
477 84 12
478 53 20
478 426 6
479 281 9
479 352 22
479 241 20
480 35 12
480 423 8
480 99 13
481 349 25
481 211 13
482 214 24
482 479 18
483 497 17
484 315 18
484 469 5
485 270 19
485 291 9
485 272 9
485 355 25
485 56 22
485 398 16
485 71 22
486 470 20
487 61 25
487 217 11
487 291 19
487 198 16
487 346 8
487 111 15
488 1 12
488 487 18
489 450 19
489 326 6
489 147 22
489 324 15
489 460 22
490 496 22
490 320 12
491 111 20
492 8 25
492 334 12
493 271 20
493 122 12
493 205 23
494 363 7
495 79 10
495 388 10
496 389 10
496 404 20
496 116 25
497 445 25
497 375 17
497 235 13
498 105 13
499 167 6
499 420 22
499 466 17
499 291 8
