第1条路为：
44,289,89,
第2条路为：
44,483,89,
第3条路为：
44,208,89,
第4条路为：
44,216,89,
第5条路为：
44,465,89,
第6条路为：
44,399,89,
第7条路为：
44,39,89,
第8条路为：
44,492,89,
第9条路为：
44,107,89,
第10条路为：
44,78,89,
第11条路为：
44,168,89,
第12条路为：
44,379,89,
第13条路为：
44,149,89,
第14条路为：
44,433,89,
第15条路为：
44,12,89,
第16条路为：
44,289,486,89,
第17条路为：
44,289,267,89,
第18条路为：
44,265,195,89,
第19条路为：
44,265,321,89,
第20条路为：
44,265,365,89,
第21条路为：
44,275,132,89,
第22条路为：
44,482,39,89,
第23条路为：
44,263,107,89,
第24条路为：
44,263,370,89,
第25条路为：
44,263,123,89,
第26条路为：
44,308,366,89,
第27条路为：
44,308,123,89,
第28条路为：
44,308,486,89,
第29条路为：
44,386,334,89,
第30条路为：
44,153,324,89,
第31条路为：
44,153,161,89,
第32条路为：
44,153,281,89,
第33条路为：
44,452,365,89,
第34条路为：
44,19,274,89,
第35条路为：
44,19,281,89,
第36条路为：
44,278,198,89,
第37条路为：
44,278,393,89,
第38条路为：
44,465,496,89,
第39条路为：
44,356,443,89,
第40条路为：
44,356,390,89,
第41条路为：
44,127,434,89,
第42条路为：
44,127,486,89,
第43条路为：
44,127,60,89,
第44条路为：
44,4,281,89,
第45条路为：
44,4,228,89,
第46条路为：
44,261,334,89,
第47条路为：
44,261,492,89,
第48条路为：
44,261,267,89,
第49条路为：
44,261,276,89,
第50条路为：
44,129,390,89,
第51条路为：
44,129,337,89,
第52条路为：
44,50,61,89,
第53条路为：
44,50,195,89,
第54条路为：
44,46,410,89,
第55条路为：
44,46,337,89,
第56条路为：
44,46,391,89,
第57条路为：
44,244,59,89,
第58条路为：
44,244,410,89,
第59条路为：
44,457,365,89,
第60条路为：
44,457,391,89,
第61条路为：
44,247,242,89,
第62条路为：
44,247,61,89,
第63条路为：
44,307,168,89,
第64条路为：
44,307,10,89,
第65条路为：
44,459,276,89,
第66条路为：
44,211,113,89,
第67条路为：
44,211,468,89,
第68条路为：
44,478,60,89,
第69条路为：
44,478,228,89,
第70条路为：
44,478,27,89,
第71条路为：
44,478,387,89,
第72条路为：
44,376,434,89,
第73条路为：
44,376,112,89,
第74条路为：
44,183,10,89,
第75条路为：
44,137,256,89,
第76条路为：
44,137,156,89,
第77条路为：
44,137,69,89,
第78条路为：
44,480,494,89,
第79条路为：
44,480,10,89,
第80条路为：
44,480,156,89,
第81条路为：
44,380,496,89,
第82条路为：
44,141,219,89,
第83条路为：
44,141,393,89,
第84条路为：
44,325,391,89,
第85条路为：
44,325,52,89,
第86条路为：
44,78,195,89,
第87条路为：
44,316,142,89,
第88条路为：
44,316,393,89,
第89条路为：
44,64,69,89,
第90条路为：
44,64,449,89,
第91条路为：
44,425,57,89,
第92条路为：
44,379,468,89,
第93条路为：
44,396,387,89,
第94条路为：
44,209,170,89,
第95条路为：
44,209,417,89,
第96条路为：
44,209,132,89,
第97条路为：
44,209,142,89,
第98条路为：
44,209,324,89,
第99条路为：
44,233,195,89,
第100条路为：
44,233,208,89,
第101条路为：
44,54,126,89,
第102条路为：
44,373,52,89,
第103条路为：
44,373,276,89,
第104条路为：
44,203,216,89,
第105条路为：
44,203,208,89,
第106条路为：
44,203,12,89,
第107条路为：
44,422,449,89,
第108条路为：
44,422,219,89,
第109条路为：
44,422,390,89,
第110条路为：
44,422,417,89,
第111条路为：
44,315,126,89,
第112条路为：
44,315,392,89,
第113条路为：
44,11,410,89,
第114条路为：
44,11,399,89,
第115条路为：
44,279,444,89,
第116条路为：
44,398,387,89,
第117条路为：
44,398,109,89,
第118条路为：
44,1,87,89,
第119条路为：
44,1,496,89,
第120条路为：
44,438,417,89,
第121条路为：
44,438,392,89,
第122条路为：
44,433,219,89,
第123条路为：
44,323,27,89,
第124条路为：
44,167,468,89,
第125条路为：
44,167,152,89,
第126条路为：
44,174,61,89,
第127条路为：
44,174,387,89,
第128条路为：
44,174,57,89,
第129条路为：
44,134,392,89,
第130条路为：
44,134,170,89,
第131条路为：
44,420,58,89,
第132条路为：
44,420,152,89,
第133条路为：
44,257,444,89,
第134条路为：
44,257,27,89,
第135条路为：
44,402,112,89,
第136条路为：
44,480,311,447,89,
第137条路为：
44,91,432,447,89,
第138条路为：
44,91,78,496,89,
第139条路为：
44,91,78,126,89,
第140条路为：
44,91,78,288,89,
第141条路为：
44,373,104,468,89,
第142条路为：
44,373,166,324,89,
第143条路为：
44,373,243,109,89,
第144条路为：
44,203,271,109,89,
第145条路为：
44,203,167,152,89,
第146条路为：
44,203,245,288,89,
第147条路为：
44,253,0,57,89,
