第1条路为：
123,544,433,
第2条路为：
123,615,433,
第3条路为：
123,125,433,
第4条路为：
123,193,433,
第5条路为：
123,598,433,
第6条路为：
123,557,433,
第7条路为：
123,948,433,
第8条路为：
123,731,433,
第9条路为：
123,527,433,
第10条路为：
123,317,433,
第11条路为：
123,77,433,
第12条路为：
123,505,485,433,
第13条路为：
123,505,923,433,
第14条路为：
123,505,274,433,
第15条路为：
123,474,798,433,
第16条路为：
123,474,435,433,
第17条路为：
123,844,419,433,
第18条路为：
123,844,912,433,
第19条路为：
123,464,842,433,
第20条路为：
123,456,604,433,
第21条路为：
123,456,435,433,
第22条路为：
123,647,601,433,
第23条路为：
123,59,857,433,
第24条路为：
123,280,498,433,
第25条路为：
123,698,182,433,
第26条路为：
123,36,427,433,
第27条路为：
123,36,222,433,
第28条路为：
123,311,400,433,
第29条路为：
123,311,571,433,
第30条路为：
123,311,435,433,
第31条路为：
123,600,373,433,
第32条路为：
123,385,923,433,
第33条路为：
123,996,834,433,
第34条路为：
123,996,607,433,
第35条路为：
123,820,607,433,
第36条路为：
123,820,601,433,
第37条路为：
123,820,235,433,
第38条路为：
123,402,135,433,
第39条路为：
123,890,146,433,
第40条路为：
123,144,569,433,
第41条路为：
123,144,969,433,
第42条路为：
123,633,987,433,
第43条路为：
123,68,242,433,
第44条路为：
123,68,135,433,
第45条路为：
123,443,241,433,
第46条路为：
123,290,409,433,
第47条路为：
123,290,731,433,
第48条路为：
123,290,316,433,
第49条路为：
123,914,912,433,
第50条路为：
123,914,222,433,
第51条路为：
123,967,498,433,
第52条路为：
123,967,684,433,
第53条路为：
123,145,892,433,
第54条路为：
123,145,182,433,
第55条路为：
123,145,237,433,
第56条路为：
123,615,669,433,
第57条路为：
123,950,237,433,
第58条路为：
123,950,622,433,
第59条路为：
123,473,857,433,
第60条路为：
123,473,316,433,
第61条路为：
123,754,573,433,
第62条路为：
123,125,161,433,
第63条路为：
123,125,669,433,
第64条路为：
123,915,471,433,
第65条路为：
123,915,933,433,
第66条路为：
123,915,111,433,
第67条路为：
123,625,798,433,
第68条路为：
123,625,766,433,
第69条路为：
123,625,990,433,
第70条路为：
123,531,373,433,
第71条路为：
123,531,317,433,
第72条路为：
123,193,274,433,
第73条路为：
123,257,990,433,
第74条路为：
123,151,316,433,
第75条路为：
123,151,684,433,
第76条路为：
123,151,651,433,
第77条路为：
123,921,598,433,
第78条路为：
123,921,234,433,
第79条路为：
123,210,333,433,
第80条路为：
123,940,135,433,
第81条路为：
123,940,577,433,
第82条路为：
123,940,573,433,
第83条路为：
123,940,990,433,
第84条路为：
123,940,427,433,
第85条路为：
123,940,589,433,
第86条路为：
123,849,766,433,
第87条路为：
123,659,706,433,
第88条路为：
123,659,860,433,
第89条路为：
123,659,481,433,
第90条路为：
123,557,664,433,
第91条路为：
123,557,766,433,
第92条路为：
123,312,819,433,
第93条路为：
123,591,874,433,
第94条路为：
123,591,327,433,
第95条路为：
123,63,623,433,
第96条路为：
123,63,5,433,
第97条路为：
123,541,731,433,
第98条路为：
123,541,146,433,
第99条路为：
123,548,726,433,
第100条路为：
123,692,481,433,
第101条路为：
123,692,669,433,
第102条路为：
123,692,235,433,
第103条路为：
123,423,544,433,
第104条路为：
123,423,76,433,
第105条路为：
123,423,987,433,
第106条路为：
123,423,146,433,
第107条路为：
123,187,274,433,
第108条路为：
123,187,862,433,
第109条路为：
123,187,655,433,
第110条路为：
123,812,241,433,
第111条路为：
123,812,333,433,
第112条路为：
123,779,472,433,
第113条路为：
123,779,685,433,
第114条路为：
123,296,804,433,
第115条路为：
123,296,274,433,
第116条路为：
123,296,608,433,
第117条路为：
123,592,944,433,
第118条路为：
123,163,472,433,
第119条路为：
123,163,481,433,
第120条路为：
123,232,234,433,
第121条路为：
123,232,126,433,
第122条路为：
123,232,129,433,
第123条路为：
123,115,96,433,
第124条路为：
123,115,411,433,
第125条路为：
123,116,435,433,
第126条路为：
123,116,126,433,
第127条路为：
123,116,804,433,
第128条路为：
123,116,870,433,
第129条路为：
123,495,608,433,
第130条路为：
123,106,877,433,
第131条路为：
123,106,696,433,
第132条路为：
123,130,870,433,
第133条路为：
123,130,842,433,
第134条路为：
123,130,604,433,
第135条路为：
123,770,726,433,
第136条路为：
123,770,608,433,
第137条路为：
123,770,235,433,
第138条路为：
123,770,589,433,
第139条路为：
123,176,222,433,
第140条路为：
123,620,604,433,
第141条路为：
123,620,222,433,
第142条路为：
123,620,476,433,
第143条路为：
123,487,476,433,
第144条路为：
123,487,989,433,
第145条路为：
123,855,944,433,
第146条路为：
123,855,174,433,
第147条路为：
123,855,22,433,
第148条路为：
123,789,870,433,
第149条路为：
123,789,481,433,
第150条路为：
123,532,948,433,
第151条路为：
123,532,766,433,
第152条路为：
123,532,874,433,
第153条路为：
123,946,960,433,
第154条路为：
123,880,651,433,
第155条路为：
123,884,411,433,
第156条路为：
123,958,775,433,
第157条路为：
123,958,877,433,
第158条路为：
123,396,622,433,
第159条路为：
123,396,763,433,
第160条路为：
123,4,458,433,
第161条路为：
123,267,458,433,
第162条路为：
123,267,570,433,
第163条路为：
123,382,22,433,
第164条路为：
123,382,719,433,
第165条路为：
123,382,234,433,
第166条路为：
123,382,129,433,
第167条路为：
123,254,234,433,
第168条路为：
123,254,5,433,
第169条路为：
123,638,76,433,
第170条路为：
123,638,129,433,
第171条路为：
123,302,948,433,
第172条路为：
123,302,622,433,
第173条路为：
123,262,111,433,
第174条路为：
123,309,685,433,
第175条路为：
123,309,862,433,
第176条路为：
123,309,624,433,
第177条路为：
123,536,655,433,
第178条路为：
123,147,589,433,
第179条路为：
123,147,623,433,
第180条路为：
123,584,726,433,
第181条路为：
123,584,685,433,
第182条路为：
123,584,655,433,
第183条路为：
123,584,696,433,
第184条路为：
123,690,165,433,
第185条路为：
123,527,317,433,
第186条路为：
123,527,869,433,
第187条路为：
123,313,598,433,
第188条路为：
123,272,651,433,
第189条路为：
123,906,960,433,
第190条路为：
123,906,624,433,
第191条路为：
123,955,570,433,
第192条路为：
123,60,989,433,
第193条路为：
123,811,892,433,
第194条路为：
123,77,662,433,
第195条路为：
123,789,824,111,433,
第196条路为：
123,789,586,5,433,
第197条路为：
123,880,366,662,433,
第198条路为：
123,880,366,333,433,
第199条路为：
123,880,558,165,433,
第200条路为：
123,880,558,333,433,
第201条路为：
123,638,100,624,433,
第202条路为：
123,302,210,333,433,
第203条路为：
123,302,735,29,433,
第204条路为：
123,158,648,111,433,
第205条路为：
123,158,555,877,433,
第206条路为：
123,428,747,874,433,
第207条路为：
123,428,883,570,433,
第208条路为：
123,428,520,5,433,
第209条路为：
123,147,970,869,433,
第210条路为：
123,584,550,877,433,
第211条路为：
123,584,455,5,433,
第212条路为：
123,272,944,411,433,
第213条路为：
123,272,317,5,433,
第214条路为：
123,272,447,29,433,
第215条路为：
123,955,335,165,433,
第216条路为：
123,955,547,29,433,
第217条路为：
123,955,851,624,433,
第218条路为：
123,955,30,869,433,
