第1条路为：
32,51,54,320,432,77,
第2条路为：
32,244,242,167,251,441,432,77,
第3条路为：
32,244,242,210,363,405,449,77,
第4条路为：
32,63,195,170,499,466,437,77,
第5条路为：
32,276,497,235,20,92,449,77,
第6条路为：
32,244,153,176,267,355,214,18,77,
第7条路为：
32,56,290,133,485,355,214,18,77,
第8条路为：
32,56,375,370,330,243,411,321,77,
第9条路为：
32,56,375,370,131,252,132,432,77,
第10条路为：
32,244,242,451,259,439,351,411,321,77,
第11条路为：
32,56,290,133,366,183,55,409,437,77,
第12条路为：
32,56,375,370,86,388,159,143,18,77,
第13条路为：
32,51,83,433,396,339,213,226,55,409,437,77,
