第1条路为：
3,29,37,
第2条路为：
3,7,37,
第3条路为：
3,45,37,
第4条路为：
3,5,37,
第5条路为：
3,48,33,37,
第6条路为：
3,48,5,37,
第7条路为：
3,36,5,37,
第8条路为：
3,36,40,37,
第9条路为：
3,36,6,37,
第10条路为：
3,0,40,37,
第11条路为：
3,0,10,37,
第12条路为：
3,32,18,37,
第13条路为：
3,12,6,37,
第14条路为：
3,7,39,37,
第15条路为：
3,30,6,37,
第16条路为：
3,30,10,37,
第17条路为：
3,45,39,37,
第18条路为：
3,32,45,39,37,
第19条路为：
3,12,24,10,37,
第20条路为：
3,31,16,33,37,
第21条路为：
3,31,29,33,37,
第22条路为：
3,31,30,10,37,
第23条路为：
3,31,5,6,37,
第24条路为：
3,2,11,6,37,
