第1条路为：
54,6,96,
第2条路为：
54,67,96,
第3条路为：
54,18,96,
第4条路为：
54,19,96,
第5条路为：
54,73,96,
第6条路为：
54,50,96,
第7条路为：
54,34,96,
第8条路为：
54,97,96,
第9条路为：
54,71,96,
第10条路为：
54,22,96,
第11条路为：
54,36,96,
第12条路为：
54,90,96,
第13条路为：
54,81,96,
第14条路为：
54,2,96,
第15条路为：
54,13,96,
第16条路为：
54,70,96,
第17条路为：
54,9,96,
第18条路为：
54,44,96,
第19条路为：
54,35,96,
第20条路为：
54,4,96,
第21条路为：
54,86,96,
第22条路为：
54,23,96,
第23条路为：
54,60,96,
第24条路为：
54,99,96,
第25条路为：
54,17,96,
第26条路为：
54,38,96,
第27条路为：
54,47,96,
第28条路为：
54,85,96,
第29条路为：
54,89,96,
第30条路为：
54,91,96,
第31条路为：
54,63,96,
第32条路为：
54,40,96,
第33条路为：
54,66,96,
第34条路为：
54,79,96,
第35条路为：
54,77,96,
第36条路为：
54,1,96,
第37条路为：
54,3,96,
第38条路为：
54,30,96,
第39条路为：
54,56,96,
第40条路为：
54,24,96,
第41条路为：
54,69,96,
第42条路为：
54,48,96,
第43条路为：
54,94,96,
第44条路为：
54,84,96,
第45条路为：
54,20,96,
第46条路为：
54,74,96,
第47条路为：
54,10,96,
第48条路为：
54,76,96,
第49条路为：
54,18,90,96,
第50条路为：
54,18,0,96,
第51条路为：
54,19,8,96,
第52条路为：
54,19,81,96,
第53条路为：
54,80,79,96,
第54条路为：
54,80,4,96,
第55条路为：
54,80,77,96,
第56条路为：
54,97,82,96,
第57条路为：
54,22,34,96,
第58条路为：
54,59,67,96,
第59条路为：
54,59,53,96,
第60条路为：
54,13,58,96,
第61条路为：
54,9,21,96,
第62条路为：
54,29,21,96,
第63条路为：
54,29,27,96,
第64条路为：
54,29,20,96,
第65条路为：
54,35,78,96,
第66条路为：
54,43,0,96,
第67条路为：
54,99,53,96,
第68条路为：
54,16,50,96,
第69条路为：
54,16,71,96,
第70条路为：
54,46,31,96,
第71条路为：
54,46,77,96,
第72条路为：
54,46,72,96,
第73条路为：
54,38,36,96,
第74条路为：
54,38,24,96,
第75条路为：
54,85,60,96,
第76条路为：
54,85,24,96,
第77条路为：
54,91,3,96,
第78条路为：
54,63,81,96,
第79条路为：
54,63,39,96,
第80条路为：
54,63,53,96,
第81条路为：
54,45,24,96,
第82条路为：
54,45,82,96,
第83条路为：
54,45,23,96,
第84条路为：
54,40,86,96,
第85条路为：
54,40,73,96,
第86条路为：
54,66,47,96,
第87条路为：
54,66,7,96,
第88条路为：
54,68,7,96,
第89条路为：
54,87,5,96,
第90条路为：
54,87,89,96,
第91条路为：
54,87,64,96,
第92条路为：
54,1,70,96,
第93条路为：
54,42,25,96,
第94条路为：
54,42,70,96,
第95条路为：
54,42,32,96,
第96条路为：
54,95,71,96,
第97条路为：
54,95,72,96,
第98条路为：
54,33,39,96,
第99条路为：
54,30,51,96,
第100条路为：
54,56,53,96,
第101条路为：
54,56,62,96,
第102条路为：
54,14,32,96,
第103条路为：
54,14,73,96,
第104条路为：
54,14,25,96,
第105条路为：
54,14,3,96,
第106条路为：
54,83,34,96,
第107条路为：
54,83,3,96,
第108条路为：
54,83,11,96,
第109条路为：
54,83,39,96,
第110条路为：
54,69,44,96,
第111条路为：
54,69,20,96,
第112条路为：
54,69,17,96,
第113条路为：
54,57,48,96,
第114条路为：
54,49,51,96,
第115条路为：
54,49,39,96,
第116条路为：
54,49,84,96,
第117条路为：
54,49,17,96,
第118条路为：
54,49,6,96,
第119条路为：
54,74,58,96,
第120条路为：
54,76,58,96,
第121条路为：
54,76,23,96,
第122条路为：
54,88,6,96,
第123条路为：
54,88,64,96,
第124条路为：
54,88,98,96,
